0.366833	0.459333	1
0.472900	0.528600	1
0.532500	0.553533	1
0.554800	0.570900	1
0.574133	0.673867	1
1.077100	1.149167	1
1.150900	1.154533	1
1.156933	1.161500	1
1.166500	1.175133	1
1.177100	1.199667	1
1.210367	1.228433	1
1.245900	1.352767	1
1.818667	1.987033	1
2.182367	2.348333	1
2.576700	2.581967	1
2.600800	2.608067	1
2.614033	2.617367	1
2.621667	2.631333	1
2.677000	2.682500	1
2.687467	2.825167	1
2.826300	2.856200	1
2.863067	2.940000	1
2.959500	3.000267	1
3.019467	3.075733	1
3.134400	3.144533	1
3.992333	4.000600	1
4.001867	4.122667	1
4.126700	4.213500	1
4.218700	4.310267	1
4.388900	4.580800	1
4.582833	4.604067	1
4.608933	4.613733	1
4.615467	4.636067	1
4.882467	4.957167	1
5.202800	5.279633	1
5.548367	5.555933	1
5.557600	5.680367	1
5.868433	5.872100	1
5.877733	5.885233	1
5.889300	5.950933	1
5.961133	5.981733	1
6.022733	6.045633	1
6.046767	6.050067	1
6.053167	6.178933	1
6.179933	6.210100	1
6.211133	6.245967	1
6.278100	6.289267	1
6.301967	6.508200	1
6.835900	6.877367	1
6.937600	6.997467	1
7.056533	7.109200	1
7.547133	7.648600	1
7.651967	7.713533	1
7.889433	7.894233	1
7.913267	7.943800	1
7.956367	7.977633	1
8.045200	8.048400	1
8.051900	8.113033	1
8.133167	8.215400	1
8.281300	8.331367	1
9.095433	9.271933	1
9.275533	9.327700	1
9.524567	9.624267	1
9.739700	9.867900	1
10.094700	10.173733	1
10.178400	10.227667	1
10.229467	10.260567	1
10.261967	10.265400	1
10.288167	10.382600	1
10.451333	10.462233	1
10.664100	10.667633	1
10.680000	10.695667	1
10.721167	10.730867	1
10.875233	10.883733	1
10.889033	10.904367	1
10.907767	10.945800	1
10.960133	10.971967	1
10.973633	10.981833	1
10.986133	10.989400	1
10.991100	11.001400	1
11.024367	11.036433	1
11.075567	11.078633	1
11.224767	11.239500	1
11.240667	11.278033	1
11.285267	11.306700	1
11.310100	11.334233	1
11.337367	11.394633	1
11.398467	11.410300	1
11.424200	11.439467	1
11.462133	11.467433	1
11.474733	11.480033	1
11.486833	11.491633	1
11.499733	11.505400	1
11.506533	11.513600	1
11.517600	11.529600	1
11.530867	11.539667	1
11.562867	11.567000	1
11.643900	11.656733	1
11.666600	11.730633	1
11.795567	12.018933	1
12.170300	12.174367	1
12.176367	12.227967	1
12.234067	12.243433	1
12.258533	12.359500	1
12.538367	12.641367	1
12.751067	12.898100	1
13.105733	13.121900	1
13.123767	13.424600	1
13.435767	13.441867	1
13.613267	13.660867	1
13.924667	13.985967	1
14.511333	14.625167	1
14.629700	14.683700	1
14.687767	14.769133	1
14.773033	14.778133	1
14.797867	14.811100	1
14.815500	14.868467	1
14.871600	14.881233	1
14.883167	14.886200	1
14.887333	14.894200	1
14.986733	15.010200	1
15.334000	15.470133	1
15.471867	15.484667	1
15.491167	15.522133	1
15.773933	15.887467	1
15.889033	15.932733	1
15.940067	16.040833	1
16.392600	16.653567	1
16.752333	16.766133	1
16.767733	16.773000	1
16.774133	16.824967	1
16.935133	16.940467	1
16.944100	17.245500	1
17.508500	17.515600	1
17.518467	17.627067	1
17.628133	17.649700	1
17.750200	17.782700	1
17.784000	17.789267	1
17.797867	17.802833	1
18.004067	18.092667	1
18.432967	18.540267	1
18.541367	18.645533	1
18.646767	18.848733	1
18.853867	18.877500	1
18.880367	18.910067	1
19.037367	19.041000	1
19.044300	19.193167	1
19.240767	19.247933	1
19.254800	19.319500	1
19.375167	19.464833	1
19.466800	19.470833	1
19.508867	19.523333	1
19.786733	19.802400	1
19.809800	19.834800	1
19.843667	19.989700	1
19.994733	20.044467	1
20.176933	20.415033	1
20.522733	20.544633	1
20.635600	20.662467	1
20.736133	20.770567	1
20.793433	20.798133	1
20.818567	20.846433	1
20.869067	20.877600	1
20.881500	20.893667	1
20.918100	20.929600	1
20.933300	20.951467	1
21.092700	21.096367	1
21.099000	21.133433	1
21.137267	21.173533	1
21.182433	21.186633	1
21.189767	21.200800	1
21.205300	21.218733	1
21.222467	21.232533	1
21.233933	21.237500	1
21.239100	21.243467	1
21.245300	21.279267	1
21.280833	21.286733	1
21.290167	21.297100	1
21.327967	21.363400	1
21.365533	21.447033	1
21.531300	21.542833	1
21.552133	21.637567	1
21.716500	21.733333	1
21.742667	21.748467	1
21.751500	21.830467	1
21.881267	21.887233	1
21.888533	21.900367	1
21.901833	21.926133	1
21.933600	21.963967	1
22.004833	22.053133	1
22.057867	22.107433	1
22.117300	22.138567	1
22.142100	22.148633	1
22.166233	22.189067	1
22.203433	22.228700	1
22.244633	22.275400	1
22.281500	22.304600	1
22.348600	22.356600	1
22.370167	22.389867	1
22.391267	22.394933	1
22.395967	22.406800	1
22.408100	22.431033	1
22.434600	22.456133	1
22.523333	22.535433	1
22.550433	22.617333	1
22.619500	22.643167	1
22.713000	22.734500	1
22.741433	22.753333	1
22.781333	22.818633	1
22.882967	22.901467	1
22.955833	22.989700	1
23.000400	23.012600	1
23.017467	23.027100	1
23.032500	23.043600	1
23.048300	23.055167	1
23.081900	23.111000	1
23.193967	23.335400	1
23.433367	23.460300	1
23.578133	23.608133	1
23.610167	23.616067	1
23.626500	23.633067	1
23.634700	23.646367	1
23.647367	23.654200	1
23.680467	23.687800	1
23.696733	23.710300	1
23.775900	23.779867	1
23.781300	23.789367	1
23.990700	24.071467	1
24.145800	24.200467	1
24.204567	24.311333	1
24.393533	24.407767	1
24.411033	24.537300	1
24.692733	24.709067	1
24.712400	24.809800	1
24.814200	24.840200	1
24.844233	24.892100	1
24.896433	24.936533	1
24.939700	25.015800	1
25.025733	25.116967	1
25.122300	25.159867	1
25.257267	25.295500	1
25.309567	25.369067	1
25.401467	25.407367	1
25.413467	25.492033	1
25.499067	25.502700	1
25.506167	25.682400	1
25.740033	25.772300	1
25.830167	25.889733	1
25.965867	25.974333	1
25.976000	26.122267	1
26.146100	26.151200	1
26.166133	26.172133	1
26.199200	26.218633	1
26.222200	26.227967	1
26.256467	26.275567	1
26.286033	26.481900	1
26.495600	26.507967	1
26.510067	26.524867	1
26.587067	26.592633	1
26.634733	26.665000	1
26.674433	26.745867	1
26.753233	26.760333	1
26.770900	26.774733	1
26.775800	26.808667	1
26.810300	26.853067	1
26.857567	27.014800	1
27.018800	27.022933	1
27.023967	27.039167	1
27.085633	27.108067	1
27.109333	27.128833	1
27.141433	27.187067	1
27.201333	27.218933	1
27.220133	27.227133	1
27.231500	27.238233	1
27.267333	27.276167	1
27.277600	27.281233	1
27.286500	27.297633	1
27.300633	27.318567	1
27.323767	27.327233	1
27.338533	27.361733	1
27.453867	27.460600	1
27.486533	27.508167	1
27.566600	27.590233	1
27.603867	27.614833	1
27.635500	27.639400	1
27.671200	27.684633	1
27.694800	27.716500	1
27.727967	27.768567	1
27.817767	27.836633	1
27.837933	27.856333	1
27.872067	27.877933	1
27.884900	27.893767	1
27.902200	27.914067	1
27.915300	27.924500	1
27.950433	27.962100	1
27.965233	27.983067	1
28.046033	28.190267	1
28.340800	28.370033	1
28.371467	28.445767	1
28.448967	28.463933	1
28.540767	28.580333	1
28.581933	28.709867	1
28.730067	28.804900	1
28.806133	28.962567	1
28.969933	29.002600	1
29.330300	29.395133	1
29.401700	29.447500	1
29.448833	29.451900	1
29.508200	29.530967	1
29.584800	29.624667	1
29.634400	29.643033	1
29.650700	29.658367	1
29.682900	29.691100	1
29.696067	29.709567	1
29.840867	29.990867	1
29.993267	30.020067	1
30.022667	30.026600	1
30.029700	30.045667	1
30.121400	30.157233	1
30.167733	30.230100	1
30.265100	30.272900	1
30.274933	30.316100	1
30.320967	30.480800	1
30.481833	30.501533	1
30.549267	30.560700	1
30.581967	30.607200	1
30.629467	30.633433	1
30.641667	30.662267	1
30.929100	30.978500	1
30.986467	30.997200	1
30.999400	31.046067	1
31.049233	31.072567	1
31.129167	31.133167	1
31.135567	31.185967	1
31.191167	31.254367	1
31.308267	31.319333	1
31.320367	31.324200	1
31.327367	31.331067	1
31.332733	31.341267	1
31.347267	31.354800	1
31.358967	31.366233	1
31.468867	31.627367	1
31.664800	31.676533	1
31.683667	31.709367	1
31.731367	31.740800	1
31.763367	31.766433	1
31.783933	31.789667	1
31.791133	31.938433	1
31.947567	31.975700	1
32.023800	32.031867	1
32.041333	32.063067	1
32.099533	32.102967	1
32.105000	32.149067	1
32.151967	32.197133	1
32.211667	32.220033	1
32.227300	32.250233	1
32.251300	32.262500	1
32.263533	32.268933	1
32.282033	32.313333	1
32.407667	32.435700	1
32.444400	32.462000	1
32.554933	32.575967	1
32.586433	32.599500	1
32.623600	32.629767	1
32.632367	32.674800	1
32.692567	32.703800	1
32.708267	32.718733	1
32.725433	32.735200	1
32.742333	32.750367	1
32.754667	32.768867	1
32.770800	32.774167	1
32.796667	32.807533	1
32.811733	32.825200	1
32.884533	32.927033	1
32.929233	33.012467	1
33.219700	33.379900	1
33.513033	33.518467	1
33.929233	33.933867	1
33.944200	34.009600	1
34.095400	34.171500	1
34.173600	34.265000	1
34.267367	34.401133	1
34.410600	34.426167	1
34.430633	34.509533	1
34.523467	34.645333	1
34.934433	34.945733	1
34.955867	35.110400	1
35.139067	35.143667	1
35.148900	35.154033	1
35.192567	35.332667	1
35.357067	35.360567	1
35.385767	35.389167	1
35.672633	35.675900	1
35.679300	35.686600	1
35.691667	35.716067	1
35.726067	35.729533	1
35.732533	35.767867	1
35.771167	35.904700	1
35.914700	35.917733	1
36.219667	36.336500	1
36.337567	36.350833	1
36.352733	36.369500	1
36.627900	36.731667	1
36.733067	36.754367	1
36.765433	36.783733	1
36.785067	36.891267	1
36.905600	37.094333	1
37.106800	37.125367	1
37.135600	37.139633	1
37.266067	37.489500	1
37.543567	37.792500	1
38.027867	38.033500	1
38.037500	38.124533	1
38.138667	38.142767	1
38.190133	38.378567	1
38.379900	38.481900	1
38.489167	38.542667	1
38.628133	38.631867	1
38.648467	38.663533	1
38.671400	38.822333	1
38.841900	38.847600	1
38.854700	38.857900	1
39.078733	39.181967	1
39.183133	39.298833	1
39.326467	39.354200	1
39.357600	39.361100	1
39.383033	39.405733	1
39.407733	39.442100	1
39.479400	39.485133	1
39.497000	39.530033	1
39.536600	39.698767	1
39.707267	39.725167	1
39.726600	39.750900	1
39.757200	39.763300	1
40.057233	40.098667	1
40.280567	40.437167	1
40.482933	40.498467	1
40.499500	40.502767	1
40.570400	40.662200	1
40.802300	40.872333	1
40.944900	40.948100	1
40.957167	40.963067	1
40.969067	41.024200	1
41.089633	41.234133	1
41.302300	41.315500	1
41.337367	41.341200	1
41.431900	41.437833	1
41.443700	41.460333	1
41.467567	41.542433	1
41.543900	41.560700	1
41.578600	41.609600	1
41.622700	41.743400	1
41.840467	41.869467	1
41.873033	42.031000	1
42.042367	42.060833	1
42.067533	42.092500	1
42.329600	42.334933	1
42.344567	42.447833	1
42.496233	42.504733	1
42.558933	42.567633	1
42.943100	43.006833	1
43.093200	43.367300	1
43.596967	43.664500	1
43.944233	43.981300	1
43.988233	44.152767	1
44.336200	44.388300	1
44.433933	44.504900	1
44.527600	44.533933	1
44.578200	44.592067	1
44.700967	44.704133	1
44.711733	44.800800	1
44.802300	44.805433	1
44.815500	44.916767	1
44.922967	45.092033	1
45.100533	45.153567	1
45.236133	45.240633	1
45.266200	45.300333	1
45.304467	45.315100	1
45.335133	45.341933	1
45.446867	45.481600	1
45.484900	45.510300	1
45.513367	45.531300	1
46.746333	46.892867	1
46.909633	46.942133	1
46.943933	47.021600	1
47.042667	47.046333	1
47.709033	47.725333	1
47.732567	47.764167	1
47.801067	47.805800	1
47.820067	47.910167	1
47.977433	48.200967	1
48.392733	48.502400	1
48.618000	48.699800	1
48.839100	48.885367	1
49.024500	49.170700	1
49.303867	49.443567	1
49.974733	50.094300	1
50.098767	50.114333	1
50.120600	50.149767	1
50.279600	50.529300	1
50.607067	50.836900	1
50.840833	50.847467	1
51.136067	51.271833	1
51.292533	51.307333	1
51.308567	51.321800	1
51.330867	51.468600	1
51.737867	51.743933	1
52.799333	52.803633	1
52.808933	52.831767	1
52.846167	52.887567	1
52.899567	52.936000	1
52.955100	52.965633	1
53.097833	53.261067	1
53.266400	53.283467	1
53.285067	53.323333	1
53.496100	53.719167	1
53.821467	53.844933	1
53.851600	53.866267	1
53.893400	53.913533	1
53.915533	53.925567	1
53.991767	54.013333	1
54.112700	54.137000	1
54.793767	54.958267	1
54.964267	54.982900	1
54.985700	55.013833	1
55.190267	55.205633	1
55.206967	55.271733	1
55.287167	55.290233	1
55.333367	55.337300	1
55.382733	55.426367	1
55.429233	55.472767	1
55.480100	55.485900	1
55.489333	55.496500	1
55.500167	55.525000	1
55.531333	55.554967	1
55.556567	55.603667	1
55.620967	55.632467	1
55.639767	55.667967	1
55.670067	55.707600	1
55.709000	55.737467	1
55.749500	55.765833	1
55.781267	55.785367	1
55.815800	55.824600	1
55.846333	55.850500	1
55.856200	55.863833	1
55.865133	55.911667	1
55.912800	55.917733	1
55.922433	55.955467	1
55.976533	56.140567	1
56.143767	56.158500	1
56.231067	56.239767	1
56.261400	56.270033	1
56.274500	56.316500	1
56.317800	56.362567	1
56.386267	56.395700	1
56.397000	56.452533	1
56.459633	56.495500	1
56.511467	56.522100	1
56.531833	56.540033	1
56.541433	56.562700	1
56.567933	56.578967	1
56.626333	56.643600	1
56.650933	56.659567	1
56.715267	56.751300	1
56.759167	56.762600	1
56.809867	56.829167	1
56.896233	56.915767	1
56.958933	56.967100	1
56.979733	57.022900	1
57.041700	57.059433	1
57.375433	57.386367	1
57.391500	57.426100	1
57.431633	57.484733	1
57.489933	57.495567	1
57.652800	57.703567	1
57.704600	57.716167	1
57.736433	57.747700	1
57.748967	57.752033	1
57.753400	57.759600	1
57.760733	57.770367	1
57.771367	57.777667	1
57.782500	57.789000	1
57.792167	57.795200	1
57.806767	57.822200	1
57.907600	57.929100	1
57.936867	58.058000	1
58.301200	58.511633	1
58.521067	58.552400	1
58.553733	58.593233	1
58.650733	58.687600	1
58.711800	58.732833	1
58.736200	58.809600	1
58.883767	58.922533	1
58.924933	58.958333	1
58.960667	59.069400	1
59.071267	59.083733	1
59.087200	59.107233	1
59.323033	59.435833	1
59.516400	59.650400	1
59.834567	59.859200	1
59.867100	59.899600	1
60.444967	60.637433	1
60.651033	60.674500	1
60.756133	60.896967	1
61.029233	61.092133	1
61.449667	61.453833	1
61.462233	61.614600	1
61.778467	61.784033	1
61.788533	61.936400	1
62.049200	62.161333	1
62.571600	62.581367	1
62.593000	62.639167	1
62.649133	62.691167	1
62.692200	62.710167	1
62.712767	62.722267	1
62.724667	62.732267	1
62.738567	62.742667	1
62.748833	62.762633	1
62.791733	62.796333	1
62.818467	62.858633	1
62.875633	62.883067	1
62.885067	62.899033	1
62.902033	62.905167	1
63.651967	63.813167	1
63.814267	63.841733	1
64.025367	64.029667	1
64.030733	64.175533	1
64.390567	64.397500	1
64.405933	64.512433	1
64.646033	64.649667	1
64.685500	64.775867	1
64.785900	64.791667	1
64.811900	64.818900	1
64.825500	64.847967	1
64.866100	64.898767	1
64.909533	64.914367	1
64.916733	64.929033	1
64.933733	64.969000	1
64.976400	64.980133	1
65.040300	65.229300	1
65.238600	65.242633	1
65.250300	65.285000	1
65.288167	65.301400	1
65.314067	65.319000	1
65.326700	65.343067	1
65.366667	65.396367	1
65.422667	65.427467	1
65.430867	65.465433	1
65.474200	65.502400	1
65.503833	65.512967	1
65.729667	65.807833	1
65.881900	65.936633	1
65.938100	65.965267	1
65.970767	66.209033	1
66.392967	66.417833	1
66.528733	66.534800	1
66.547233	66.649633	1
66.754167	66.843367	1
67.020467	67.024667	1
67.040067	67.044133	1
67.045300	67.048533	1
67.215533	67.311833	1
67.315267	67.352733	1
67.385867	67.429400	1
67.512133	67.533300	1
67.584367	67.607167	1
67.677500	67.698833	1
67.759533	67.770867	1
67.779233	67.784867	1
67.863600	67.881467	1
67.887100	67.894933	1
67.900667	67.908533	1
67.911367	67.923033	1
68.036133	68.203900	1
68.206400	68.209833	1
68.212467	68.220367	1
68.224533	68.236367	1
68.285533	68.313200	1
68.329867	68.337467	1
68.357067	68.392600	1
68.394700	68.553733	1
68.563067	68.586167	1
68.719267	68.723300	1
68.724400	68.735100	1
68.736900	68.755567	1
68.765733	68.771133	1
68.777500	68.785533	1
68.786800	68.790033	1
68.913500	68.973167	1
69.299833	69.383500	1
69.488700	69.814133	1
69.815767	69.843067	1
69.862133	69.986767	1
70.182867	70.214867	1
70.215900	70.252333	1
70.353900	70.405300	1
70.406933	70.468867	1
70.692633	70.697033	1
70.711633	70.732100	1
70.734100	70.847167	1
70.848933	70.855033	1
70.856067	70.859267	1
70.958400	71.011367	1
71.013267	71.095400	1
71.097900	71.119233	1
71.130800	71.243267	1
71.334133	71.369067	1
71.419233	71.443500	1
71.469033	71.477100	1
71.494800	71.530500	1
71.583833	71.617867	1
71.620833	71.745700	1
71.893867	71.897567	1
71.931800	72.135933	1
72.216100	72.220467	1
72.255767	72.261433	1
72.263633	72.273500	1
72.285333	72.294700	1
72.323533	72.333100	1
72.838833	72.866500	1
72.878867	72.883067	1
72.998267	73.042967	1
73.047733	73.079533	1
73.096167	73.185600	1
73.186600	73.227767	1
73.332700	73.368633	1
73.371400	73.471000	1
73.474567	73.495633	1
73.520133	73.593767	1
73.598167	73.607633	1
73.656600	73.781033	1
73.836800	73.840133	1
73.849233	73.853633	1
73.856400	73.865833	1
74.801300	74.837367	1
74.856833	74.878300	1
75.001033	75.059233	1
75.061400	75.066333	1
75.067700	75.355367	1
75.944367	76.000333	1
76.002367	76.169000	1
76.864467	77.027467	1
77.029900	77.048700	1
79.814733	79.907900	1
80.020767	80.049833	1
80.051667	80.063933	1
80.069867	80.076800	1
80.082500	80.092267	1
80.100500	80.107300	1
80.116300	80.125000	1
80.131767	80.141467	1
80.227833	80.338500	1
80.343600	80.349700	1
80.352133	80.368267	1
80.487267	80.491967	1
80.501567	80.515900	1
80.534267	80.572700	1
80.581333	80.620233	1
80.629567	80.652000	1
80.655533	80.675267	1
80.700233	80.773200	1
80.775133	80.801000	1
81.988900	82.066367	1
82.186300	82.240767	1
82.252333	82.400167	1
82.403067	82.422167	1
82.423200	82.505867	1
82.602533	82.629800	1
82.742633	82.777100	1
82.839500	82.995567	1
82.999000	83.023233	1
83.097033	83.100167	1
83.503167	83.531400	1
83.652167	83.669700	1
83.674567	83.686767	1
83.711833	83.752900	1
83.817433	83.837600	1
83.934633	83.976933	1
84.160900	84.171933	1
84.177433	84.205800	1
84.226533	84.264567	1
84.265733	84.269967	1
84.281500	84.341400	1
84.343900	84.397000	1
84.546633	84.792300	1
85.104433	85.122700	1
85.214267	85.222100	1
85.223300	85.240967	1
85.498467	85.602467	1
85.688767	85.717200	1
85.718600	85.841567	1
85.843433	85.913767	1
85.927200	86.045133	1
86.301333	86.335200	1
86.336367	86.490933	1
86.497833	86.527667	1
86.676267	86.747800	1
86.753000	86.760767	1
86.787333	86.798867	1
87.071933	87.081133	1
87.090233	87.276267	1
87.278133	87.282533	1
87.287100	87.299333	1
87.359867	87.363000	1
87.687167	87.780500	1
87.782467	87.802467	1
87.862767	87.900833	1
87.903567	87.946400	1
87.947467	87.952767	1
87.954300	87.979700	1
87.999200	88.099467	1
88.170500	88.189133	1
88.249267	88.259367	1
88.268200	88.276233	1
88.281067	88.530100	1
88.535567	88.588033	1
88.662500	88.680967	1
88.782567	88.810233	1
88.865100	88.886600	1
88.955233	89.200833	1
89.254567	89.267000	1
89.302800	89.305833	1
89.329167	89.333300	1
89.346767	89.355800	1
89.367567	89.434800	1
89.440133	89.447333	1
89.621533	89.637700	1
89.642900	89.754933	1
89.760667	89.820067	1
89.903233	89.933200	1
90.014333	90.203567	1
90.206533	90.295900	1
90.331633	90.419533	1
90.718600	90.727367	1
90.729100	90.827900	1
90.910733	91.045767	1
91.057133	91.142567	1
91.304833	91.488400	1
91.512300	91.576700	1
91.581433	91.628833	1
91.737700	91.759400	1
91.826000	91.861000	1
91.862000	91.873100	1
91.885900	91.890167	1
91.917467	91.950200	1
92.011700	92.015533	1
92.016600	92.242433	1
92.250000	92.359800	1
92.385433	92.429900	1
92.433333	92.465400	1
92.641933	92.680767	1
92.721500	92.725100	1
92.726400	92.730800	1
92.747833	92.751233	1
92.756567	92.840567	1
92.846600	92.939733	1
92.957933	93.062800	1
93.108067	93.195200	1
93.269833	93.288367	1
93.298467	93.309933	1
93.333233	93.344333	1
93.569933	93.573400	1
93.588900	93.620900	1
93.623700	93.777633	1
93.785600	94.002533	1
94.033900	94.040933	1
94.046667	94.064633	1
94.067833	94.071967	1
94.075167	94.080633	1
94.137233	94.142367	1
94.146533	94.257400	1
94.260667	94.482300	1
94.485267	94.534700	1
94.537667	94.567433	1
94.651567	94.669267	1
94.675633	94.679667	1
94.721800	94.753500	1
94.811700	94.819333	1
94.850200	95.018900	1
95.025267	95.054267	1
95.057633	95.157500	1
95.168967	95.172367	1
95.185400	95.235967	1
95.242300	95.266167	1
95.425767	95.430833	1
95.446733	95.476700	1
95.478067	95.491167	1
95.561033	95.565633	1
95.580700	95.594233	1
95.598200	95.756433	1
95.768167	95.824667	1
95.925900	95.930767	1
95.941567	95.973367	1
95.974800	95.990200	1
95.995067	96.009867	1
96.086167	96.280800	1
96.286000	96.317900	1
96.321100	96.463133	1
96.543433	96.558667	1
96.559767	96.563867	1
96.568900	96.640567	1
96.642100	96.650400	1
96.658400	96.668333	1
96.721333	96.758433	1
96.760433	96.920667	1
96.921767	96.961833	1
96.966200	96.969533	1
96.976200	96.982000	1
96.987033	96.991667	1
97.000033	97.008400	1
97.016833	97.026667	1
97.067967	97.079600	1
97.081333	97.133733	1
97.143667	97.166300	1
97.242333	97.281900	1
97.307800	97.313200	1
97.332767	97.335867	1
97.364733	97.389033	1
97.394167	97.509767	1
97.511067	97.523267	1
97.544567	97.548633	1
97.585667	97.602500	1
97.603567	97.669000	1
97.722400	97.728933	1
97.738467	97.900700	1
97.902867	97.906533	1
97.934467	97.988067	1
97.999300	98.044733	1
98.046400	98.053833	1
98.055000	98.063867	1
98.069167	98.087433	1
98.103467	98.263467	1
98.267033	98.291667	1
98.327067	98.332233	1
98.335067	98.355533	1
98.359900	98.398533	1
98.400733	98.408967	1
98.413133	98.445500	1
98.448167	98.489967	1
98.491433	98.510700	1
98.517900	98.523267	1
98.526500	98.576133	1
98.578767	98.604000	1
98.608267	98.616333	1
98.624333	98.627467	1
98.630000	98.645900	1
98.661867	98.704933	1
98.717467	98.751800	1
98.760700	98.776033	1
98.792867	98.801400	1
98.823833	98.846567	1
98.848100	98.855133	1
98.921300	98.935300	1
98.958867	98.966567	1
98.987300	99.055067	1
99.065633	99.068933	1
99.069933	99.079000	1
99.081333	99.115900	1
99.123633	99.149700	1
99.157400	99.179933	1
99.233467	99.387333	1
99.450833	99.474700	1
99.478500	99.563500	1
99.665633	99.671500	1
99.687133	99.893167	1
99.894800	99.920400	1
100.184200	100.187833	1
100.204633	100.409467	1
100.410533	100.432433	1
100.513233	100.528800	1
100.541067	100.746700	1
100.749767	100.813233	1
101.068367	101.071567	1
101.086033	101.157200	1
101.169967	101.207633	1
101.214400	101.359200	1
101.376967	101.493567	1
101.550367	101.556433	1
101.576167	101.594833	1
101.596133	101.631833	1
101.633433	101.813500	1
102.177800	102.185333	1
102.196267	102.258233	1
102.279633	102.394900	1
102.404533	102.495833	1
102.504000	102.670900	1
102.729433	102.733633	1
102.774667	102.790000	1
102.791400	102.797033	1
102.798567	102.803767	1
102.804967	102.826567	1
102.839600	102.858033	1
102.944933	102.948033	1
102.958133	102.963333	1
102.967200	102.971133	1
102.973100	103.174333	1
103.175367	103.229267	1
103.255200	103.259167	1
103.269433	103.277600	1
103.397367	103.400500	1
103.429133	103.436467	1
103.442000	103.523700	1
103.526700	103.530800	1
103.587800	103.592367	1
103.594433	103.597900	1
103.636000	103.639167	1
103.663400	103.690367	1
103.697500	103.705567	1
103.706600	103.711767	1
103.716333	103.721500	1
103.727633	103.762200	1
103.812933	103.816767	1
103.821767	103.828033	1
103.895567	104.094967	1
104.099000	104.105900	1
104.532600	104.706767	1
104.728133	104.737100	1
104.740733	104.749267	1
104.757067	104.777467	1
104.816200	104.820467	1
104.821500	104.826233	1
104.843167	104.854000	1
104.864900	104.871367	1
105.000633	105.003867	1
105.064533	105.077367	1
105.090000	105.116567	1
105.122800	105.125833	1
105.226200	105.233867	1
105.234900	105.264067	1
105.277633	105.301633	1
105.306200	105.456100	1
105.464533	105.605933	1
105.639167	105.643167	1
105.661033	105.697767	1
105.711100	105.714567	1
105.747833	106.006133	1
106.145900	106.167533	1
106.287700	106.323433	1
106.337733	106.357533	1
106.366567	106.433700	1
106.524733	106.529067	1
106.687433	106.899467	1
106.939133	106.947433	1
107.091067	107.108200	1
107.133800	107.137467	1
107.192600	107.197367	1
107.206500	107.339900	1
107.406300	107.441700	1
107.447800	107.522300	1
107.578733	107.612667	1
107.613700	107.618133	1
107.681100	107.688767	1
107.690300	107.862767	1
108.200900	108.236000	1
108.238233	108.402600	1
108.410133	108.430800	1
108.434367	108.444033	1
108.769167	108.793367	1
108.804633	108.817767	1
108.913033	108.922400	1
108.924233	109.170467	1
109.177300	109.190600	1
109.191633	109.194767	1
109.219133	109.237800	1
109.254500	109.294900	1
109.296633	109.305767	1
109.318767	109.336800	1
109.354433	109.367500	1
109.397767	109.427333	1
109.429500	109.434400	1
109.472400	109.478433	1
109.480767	109.489367	1
109.562100	109.613300	1
109.614567	109.771367	1
109.775167	109.801367	1
109.806800	109.812533	1
109.881267	109.886767	1
110.160200	110.163800	1
110.286767	110.292267	1
110.293900	110.298000	1
110.485033	110.529967	1
110.617400	110.687100	1
110.697433	110.942067	1
110.943567	110.954467	1
110.959033	111.060333	1
111.065733	111.071133	1
111.088900	111.143733	1
111.148200	111.178933	1
111.190167	111.217100	1
111.233033	111.242800	1
111.246933	111.251133	1
111.252267	111.261267	1
111.265667	111.372133	1
111.376733	111.404567	1
111.442233	111.475167	1
111.478633	111.515400	1
111.535367	111.541167	1
111.548567	111.552067	1
111.553867	111.759433	1
111.762900	111.814000	1
111.912167	111.923833	1
112.130500	112.156267	1
112.171100	112.175800	1
112.177200	112.182567	1
112.210900	112.268100	1
112.273200	112.277933	1
112.279267	112.286433	1
112.293467	112.418800	1
112.423467	112.429700	1
112.446400	112.458500	1
112.477067	112.480367	1
112.492167	112.500333	1
112.507067	112.515933	1
112.678333	112.877233	1
112.878567	112.884667	1
112.919600	113.111167	1
113.124100	113.139233	1
113.155167	113.165000	1
113.177133	113.181967	1
113.185600	113.222667	1
113.224367	113.238433	1
113.250133	113.276867	1
113.279900	113.333100	1
113.354100	113.366167	1
113.370233	113.376433	1
113.378233	113.393233	1
113.396467	113.401900	1
113.409033	113.465433	1
113.468400	113.510933	1
113.568700	113.589667	1
113.591467	113.595467	1
113.627033	113.679333	1
113.702767	113.707200	1
113.724600	113.744200	1
113.753267	113.771333	1
113.775167	113.797700	1
113.808667	113.813233	1
113.814667	113.821133	1
113.824533	113.856367	1
113.867333	113.891867	1
113.893333	113.909700	1
113.912733	113.924400	1
114.015667	114.020700	1
114.026567	114.102800	1
114.125500	114.152333	1
114.201833	114.458633	1
114.463700	114.482633	1
114.505100	114.579533	1
114.612600	114.618533	1
114.625200	114.643700	1
114.654967	114.658667	1
114.661867	114.682333	1
114.684067	114.701900	1
114.713367	114.739000	1
114.746100	114.760967	1
114.783733	114.792100	1
114.796567	114.800333	1
114.866767	114.872600	1
114.884867	114.909267	1
114.914767	114.921100	1
114.934233	114.951033	1
114.960533	115.104400	1
115.108833	115.112667	1
115.148400	115.155433	1
115.162800	115.166233	1
115.193633	115.204133	1
115.239933	115.479733	1
115.518333	115.706433	1
115.895833	116.050800	1
116.125500	116.437867	1
116.447333	116.475867	1
116.484933	116.507800	1
116.517333	116.527700	1
116.570000	116.804933	1
116.821533	116.851967	1
116.853133	116.952500	1
116.978633	117.045533	1
117.049800	117.057133	1
117.075800	117.094100	1
117.095800	117.113833	1
117.124200	117.146767	1
117.154800	117.165433	1
117.174467	117.195233	1
117.281000	117.304233	1
117.316500	117.320533	1
117.392133	117.395833	1
117.398033	117.406067	1
117.434367	117.442133	1
117.444000	117.604433	1
117.637200	117.700000	1
117.708600	117.918767	1
117.921400	117.947800	1
117.952067	117.977300	1
117.978700	118.069133	1
118.070433	118.128200	1
118.140667	118.146200	1
118.149567	118.162833	1
118.173800	118.178700	1
118.179967	118.183467	1
118.389933	118.408033	1
118.424433	118.448233	1
118.454600	118.493033	1
118.494233	118.500000	1
118.514633	118.540867	1
118.544933	118.604867	1
118.618033	118.660700	1
118.663500	118.707167	1
118.708467	118.712467	1
118.741467	118.753733	1
118.769367	118.820800	1
118.835600	118.846867	1
118.853233	118.858233	1
118.893067	118.901333	1
118.904967	118.955133	1
118.957167	119.165433	1
119.211967	119.220733	1
119.228033	119.361033	1
119.386267	119.395067	1
119.436700	119.443300	1
119.632800	119.636000	1
119.637500	119.838467	1
119.844200	119.875300	1
119.879467	119.913433	1
119.915233	119.918267	1
119.919533	120.058500	1
120.068467	120.094567	1
120.118000	120.215067	1
120.255033	120.266100	1
120.295500	120.298967	1
120.304100	120.714233	1
120.716567	120.721000	1
120.726767	120.760600	1
120.766700	120.827033	1
120.842933	120.958300	1
120.980333	121.010833	1
121.014667	121.084100	1
121.099667	121.130733	1
121.131767	121.138000	1
121.139167	121.188233	1
121.195267	121.236000	1
121.244767	121.330867	1
121.336600	121.400200	1
121.401300	121.563633	1
121.566100	121.677567	1
121.686767	121.723267	1
121.730333	121.774967	1
121.782167	121.803867	1
121.812700	121.824267	1
121.827000	121.875233	1
121.876500	122.022867	1
122.024167	122.048633	1
122.065600	122.096767	1
122.106400	122.149267	1
122.151267	122.196567	1
122.198467	122.264333	1
122.265833	122.283933	1
122.297533	122.305633	1
122.307100	122.318067	1
122.327333	122.371733	1
122.377167	122.419233	1
122.429333	122.456800	1
122.462900	122.626300	1
122.628167	122.661500	1
122.669900	122.882833	1
122.887767	122.911233	1
122.914700	122.943400	1
122.972100	123.047800	1
123.056367	123.154233	1
123.155633	123.158833	1
123.199800	123.248800	1
123.262267	123.283033	1
123.332667	123.735767	1
123.766167	123.782567	1
123.786800	123.794000	1
123.801833	123.961067	1
123.965100	124.002433	1
124.027567	124.066967	1
124.074433	124.114100	1
124.115100	124.120300	1
124.136033	124.173167	1
124.189033	124.278933	1
124.328400	124.336800	1
124.338900	124.344433	1
124.355033	124.384333	1
124.387700	124.403000	1
124.407633	124.417133	1
124.480500	124.487167	1
124.517267	124.782500	1
124.838300	124.842567	1
124.864033	124.868200	1
125.113767	125.116767	1
125.124533	125.127600	1
125.129433	125.153900	1
125.154967	125.159400	1
125.173233	125.176533	1
125.235500	125.244000	1
125.263033	125.306933	1
125.314100	125.372300	1
125.422733	125.426533	1
125.431133	125.478633	1
125.482400	125.489433	1
125.496933	125.516233	1
125.523900	125.538100	1
125.554800	125.558333	1
125.569033	125.777600	1
125.785133	125.808733	1
125.813667	125.837933	1
125.893133	125.896900	1
125.902167	125.908767	1
125.913233	125.916633	1
125.947133	125.950200	1
125.952767	125.994867	1
125.997367	126.033967	1
126.038867	126.069833	1
126.073367	126.132100	1
126.180967	126.184500	1
126.202600	126.255400	1
126.359633	126.416267	1
126.433400	126.527267	1
126.530600	126.752767	1
126.786067	126.795767	1
126.821733	127.016267	1
127.038567	127.048767	1
127.054133	127.095767	1
127.114500	127.123367	1
127.126600	127.165467	1
127.174533	127.213633	1
127.215200	127.228333	1
127.234700	127.237967	1
127.259067	127.425600	1
127.429233	127.447567	1
127.448567	127.452600	1
127.455667	127.479667	1
127.491067	127.521067	1
127.522200	127.530400	1
127.537167	127.549600	1
127.565467	127.621700	1
127.624067	127.648900	1
127.668167	127.728333	1
127.732833	127.756833	1
127.763300	127.773233	1
127.776067	128.082200	1
128.124600	128.158167	1
128.164567	128.169133	1
128.182800	128.197067	1
128.198333	128.462533	1
128.491067	128.515000	1
128.534467	128.559300	1
128.562167	128.566300	1
128.573433	128.577967	1
128.583867	128.590133	1
128.595967	128.796700	1
128.800067	128.831600	1
128.883400	128.900300	1
129.202700	129.332767	1
129.335433	129.349033	1
129.366367	129.375667	1
129.384467	129.393467	1
129.402367	129.427533	1
129.428833	129.508767	1
129.516267	129.545067	1
129.591600	129.615067	1
129.621033	129.625433	1
129.646167	129.654667	1
129.689767	129.698833	1
129.701067	129.704867	1
129.715800	129.721733	1
129.722800	129.733533	1
129.739567	129.902767	1
129.907967	129.928433	1
129.934100	129.939333	1
129.993300	130.010833	1
130.020700	130.044867	1
130.051567	130.054733	1
130.057500	130.177500	1
130.185567	130.211133	1
130.212133	130.294333	1
130.329600	130.333433	1
130.343533	130.430067	1
130.433000	130.439867	1
130.442533	130.448700	1
130.458467	130.564200	1
130.571600	130.593433	1
130.598267	130.759567	1
130.766733	130.792000	1
130.795400	130.800167	1
130.808000	130.835867	1
130.847067	130.858600	1
130.859633	130.897667	1
130.901800	130.905933	1
130.914567	130.980467	1
130.990733	131.003033	1
131.004700	131.023633	1
131.039867	131.086467	1
131.088467	131.097767	1
131.101233	131.116167	1
131.119567	131.150733	1
131.153067	131.165567	1
131.169767	131.173900	1
131.174900	131.201400	1
131.202400	131.244133	1
131.252233	131.277667	1
131.298567	131.303233	1
131.311133	131.376833	1
131.457467	131.460733	1
131.462533	131.518000	1
131.521000	131.698433	1
131.794933	131.800500	1
131.819433	131.835433	1
131.837433	131.842933	1
131.866867	131.872267	1
131.886267	131.911200	1
131.970967	131.993033	1
131.999167	132.025033	1
132.033033	132.055200	1
132.064733	132.075900	1
132.080233	132.098033	1
132.104333	132.139967	1
132.182800	132.187200	1
132.188900	132.192100	1
132.193433	132.210567	1
132.212000	132.219233	1
132.223633	132.233967	1
132.247667	132.266067	1
132.375500	132.469600	1
132.471000	132.476533	1
132.477667	132.526400	1
132.716100	132.721167	1
132.723767	132.759333	1
132.761467	132.771900	1
132.803500	132.821700	1
132.823700	132.962100	1
133.007667	133.057033	1
133.058100	133.064633	1
133.065667	133.175167	1
133.176633	133.199733	1
133.203000	133.240367	1
133.249167	133.410467	1
133.414400	133.469900	1
133.502400	133.520600	1
133.524067	133.531000	1
133.532267	133.535367	1
133.537600	133.541067	1
133.544700	133.706900	1
133.825733	134.192667	1
134.193900	134.199433	1
134.200633	134.216967	1
134.259767	134.271500	1
134.279000	134.292733	1
134.305400	134.313033	1
134.349500	134.628867	1
134.637000	134.640733	1
134.659767	134.688400	1
134.715367	134.720467	1
134.721500	134.727700	1
134.781333	134.787900	1
134.796400	134.799633	1
134.843367	134.962733	1
134.977900	134.981933	1
134.988700	134.994567	1
135.003767	135.017333	1
135.018900	135.037167	1
135.039033	135.072967	1
135.086833	135.092233	1
135.097800	135.161467	1
135.168233	135.172233	1
135.193067	135.202433	1
135.210900	135.233167	1
135.240700	135.253300	1
135.258833	135.305200	1
135.306200	135.380467	1
135.381733	135.387833	1
135.394200	135.558800	1
135.565100	135.580867	1
135.584333	135.588233	1
135.635367	135.640967	1
135.644200	135.668933	1
135.673633	135.703433	1
135.709567	135.730833	1
135.732533	135.752967	1
135.760733	135.851767	1
135.852900	135.856500	1
135.858233	135.869100	1
135.878733	136.097433	1
136.098867	136.129500	1
136.155333	136.232100	1
136.244467	136.270233	1
136.281800	136.497633	1
136.500867	136.524033	1
136.531033	136.551567	1
136.580233	136.584067	1
136.603500	136.793867	1
136.798033	136.852667	1
136.913733	136.921600	1
136.935233	136.946567	1
136.960433	136.975400	1
136.976467	136.987467	1
136.991600	136.996133	1
137.009633	137.026367	1
137.029300	137.038167	1
137.041567	137.047733	1
137.050467	137.054533	1
137.118467	137.124267	1
137.137333	137.187067	1
137.204400	137.207633	1
137.271667	137.298667	1
137.299700	137.315967	1
137.333500	137.649833	1
137.653933	137.775967	1
137.796000	137.826433	1
137.842167	137.853700	1
137.927100	138.105500	1
138.142233	138.165767	1
138.168333	138.178667	1
138.197633	138.201900	1
138.203133	138.214733	1
138.215900	138.233667	1
138.238100	138.262167	1
138.264500	138.276267	1
138.278833	138.289600	1
138.303767	138.314167	1
138.320800	138.323867	1
138.390633	138.394767	1
138.460500	138.741033	1
138.786900	138.791633	1
138.804867	138.812100	1
138.817100	139.135700	1
139.233000	139.239367	1
139.265633	139.284533	1
139.285933	139.298233	1
139.299433	139.356800	1
139.364200	139.383633	1
139.386800	139.430567	1
139.448767	139.466067	1
139.467167	139.477967	1
139.537300	139.596200	1
139.599300	139.604900	1
139.624100	139.638800	1
139.648567	139.658667	1
139.743833	139.747500	1
139.750633	139.795733	1
139.797167	139.804867	1
139.817033	139.856200	1
139.867967	139.872467	1
139.942433	139.953200	1
139.969000	139.972433	1
139.983633	139.989467	1
139.993467	140.002767	1
140.105333	140.288767	1
140.291633	140.299800	1
140.336167	140.408200	1
140.437200	140.449433	1
140.467767	140.656300	1
140.661333	140.711333	1
140.716567	140.741800	1
140.781633	140.801533	1
140.842567	140.863900	1
140.866333	140.872033	1
140.899833	140.927233	1
140.938200	140.949100	1
140.960900	140.964833	1
141.070433	141.156800	1
141.160467	141.175400	1
141.192567	141.277233	1
141.298000	141.398367	1
141.411067	141.479067	1
141.494400	141.504200	1
141.512400	141.599867	1
141.601033	141.606167	1
141.611467	141.661433	1
141.676667	141.692267	1
141.703567	141.771833	1
141.774967	141.778533	1
141.782567	141.785800	1
141.787233	141.814067	1
141.961267	142.095500	1
142.151833	142.161800	1
142.165800	142.172033	1
142.195433	142.232233	1
142.251633	142.269267	1
142.272067	142.317600	1
142.350200	142.357767	1
142.379567	142.432500	1
142.521900	142.987533	1
143.025333	143.049567	1
143.061067	143.075767	1
143.078167	143.133133	1
143.134767	143.163800	1
143.165600	143.170800	1
143.173167	143.178367	1
143.179867	143.213300	1
143.245767	143.255633	1
143.263767	143.507867	1
143.556167	143.631167	1
143.666100	143.693067	1
143.730300	143.733767	1
143.763400	143.767000	1
143.797500	143.984500	1
144.028167	144.054800	1
144.056033	144.081133	1
144.093733	144.107067	1
144.108500	144.125367	1
144.126667	144.131833	1
144.138400	144.157200	1
144.265667	144.279667	1
144.280800	144.478300	1
144.488733	144.494400	1
144.541333	144.717300	1
144.732233	144.741367	1
144.742700	144.745933	1
144.746933	144.764600	1
144.769733	144.776900	1
144.786233	144.877600	1
144.936867	144.943833	1
145.003633	145.013100	1
145.015167	145.046033	1
145.047167	145.388100	1
145.487533	145.490800	1
145.494300	145.497600	1
145.498667	145.501733	1
145.570900	145.698800	1
145.700000	145.703233	1
145.719400	145.726767	1
145.831200	146.129167	1
146.137233	146.147300	1
146.148633	146.188700	1
146.287467	146.564667	1
146.580400	146.584700	1
146.603500	146.681700	1
146.696767	146.734333	1
146.749500	146.950800	1
146.952767	146.970067	1
146.974033	146.988700	1
147.059033	147.071233	1
147.303033	147.306067	1
147.307700	147.312400	1
147.319267	147.340300	1
147.354633	147.357933	1
147.406867	147.422933	1
147.480033	147.516233	1
147.522033	147.560567	1
147.563933	147.697967	1
147.701133	147.722400	1
147.777067	147.781367	1
147.794233	148.129767	1
148.132633	148.141267	1
148.167267	148.191967	1
148.194267	148.206100	1
148.217500	148.241133	1
148.242467	148.258633	1
148.277733	148.301500	1
148.403967	148.444967	1
148.456833	148.471767	1
148.531700	148.538000	1
148.544567	148.798933	1
148.854633	148.861300	1
148.904000	148.913767	1
148.915667	148.937400	1
148.998567	149.002733	1
149.019467	149.030133	1
149.032233	149.036867	1
149.037900	149.064400	1
149.118733	149.125733	1
149.135467	149.139900	1
149.169433	149.211867	1
149.216600	149.266200	1
149.312500	149.319367	1
149.340633	149.596433	1
149.597800	149.605633	1
149.620533	149.635733	1
149.650767	149.674733	1
149.678133	149.783333	1
149.788633	149.798400	1
149.800500	149.832967	1
149.843900	149.857567	1
149.861233	149.869300	1
149.885100	149.888167	1
149.890333	149.893867	1
149.899333	150.077067	1
150.078733	150.107833	1
150.122667	150.252267	1
150.286333	150.324067	1
150.329733	150.339167	1
150.344300	150.359433	1
150.361167	150.370700	1
150.380800	150.423033	1
150.455833	150.605667	1
150.626233	150.636333	1
150.653633	150.709433	1
150.710433	150.747967	1
150.752433	150.805433	1
150.811500	150.815367	1
150.819400	150.827233	1
150.889967	150.955133	1
150.956700	150.962067	1
150.984500	151.001567	1
151.014567	151.193933	1
151.195267	151.210767	1
151.236833	151.255667	1
151.258500	151.449333	1
151.453833	151.479667	1
151.483667	151.529367	1
151.560533	151.597200	1
151.598200	151.624867	1
151.626533	151.638900	1
151.640033	151.668300	1
151.682467	151.705033	1
151.709500	151.718067	1
151.744067	151.748433	1
151.772700	151.784667	1
151.788633	151.793400	1
151.802700	151.841133	1
151.844600	151.868967	1
151.952333	151.955700	1
151.961833	152.332300	1
153.052500	153.057167	1
153.072767	153.077133	1
153.081867	153.086533	1
153.088100	153.145133	1
153.155633	153.160967	1
153.162633	153.173200	1
153.196867	153.200000	1
153.204800	153.212367	1
153.312900	153.358933	1
153.359967	153.395867	1
153.419767	153.490600	1
153.505767	153.669900	1
153.758033	153.784733	1
154.218200	154.301467	1
154.302500	154.320167	1
154.321267	154.383933	1
154.385000	154.390200	1
154.395600	154.425333	1
154.526967	154.531267	1
154.535200	154.544933	1
154.552733	154.568867	1
154.570300	154.576133	1
154.579833	154.582900	1
154.594233	154.621433	1
154.623900	154.796267	1
154.799233	154.853233	1
154.867833	154.983833	1
155.001167	155.006300	1
155.072067	155.077567	1
155.087933	155.278067	1
155.286233	155.313867	1
155.672500	155.682700	1
155.683700	155.701067	1
155.754633	155.759900	1
155.815733	155.839633	1
155.914900	155.930433	1
155.931600	155.940700	1
155.945667	155.959633	1
155.975867	155.979133	1
155.994833	156.028933	1
156.034867	156.144800	1
156.181667	156.354600	1
156.363433	156.368367	1
156.401267	156.421400	1
156.426100	156.433500	1
156.438967	156.446867	1
156.452533	156.460667	1
156.463733	156.471133	1
156.477700	156.487700	1
156.531367	156.536367	1
156.566000	156.573200	1
156.576733	156.632333	1
156.718400	156.817933	1
156.835400	156.840433	1
156.842500	156.927233	1
156.936233	156.943700	1
156.957967	156.981067	1
156.990933	157.055600	1
157.073367	157.083700	1
157.090767	157.114467	1
157.116700	157.122900	1
157.125400	157.192467	1
157.209800	157.213567	1
157.230100	157.251600	1
157.257167	157.267200	1
157.268433	157.330200	1
157.469367	157.474000	1
157.575433	157.717033	1
157.836133	157.845533	1
157.862933	157.876333	1
157.877700	157.949667	1
157.956900	158.117633	1
158.122733	158.148733	1
158.183800	158.189167	1
158.192600	158.242367	1
158.243700	158.256633	1
158.259633	158.267133	1
158.268567	158.329633	1
158.334033	158.354567	1
158.366633	158.389100	1
158.390400	158.401900	1
158.403133	158.412600	1
158.420867	158.459100	1
158.460200	158.477800	1
158.492767	158.514067	1
158.515867	158.532267	1
158.570900	158.671667	1
158.732067	158.750500	1
158.761367	158.809533	1
158.810833	158.815167	1
158.816800	158.821600	1
158.823700	158.891567	1
158.921433	158.925467	1
158.931667	159.139867	1
159.144333	159.216733	1
159.220267	159.224267	1
159.268833	159.272200	1
159.301767	159.305700	1
159.307967	159.334700	1
159.340633	159.497367	1
159.500400	159.529967	1
159.650867	159.674267	1
159.676433	159.693800	1
159.700567	159.708600	1
159.713000	159.719033	1
159.727533	159.749333	1
159.837500	159.865300	1
159.880667	159.884233	1
160.049600	160.061633	1
160.062833	160.251467	1
160.571867	160.577233	1
160.587467	160.625633	1
160.638400	160.659867	1
160.751000	160.808867	1
160.814933	161.321433	1
161.323500	161.442967	1
161.496100	161.511600	1
161.582800	161.587367	1
161.588367	161.757767	1
161.758900	161.770433	1
161.796533	161.824667	1
161.831467	161.841233	1
161.845133	161.861367	1
161.862367	161.871567	1
161.875900	161.887600	1
161.890767	161.895767	1
161.905433	161.933367	1
161.938467	161.949300	1
161.986367	162.051667	1
162.057933	162.066133	1
162.070533	162.165267	1
162.181167	162.465967	1
162.479667	162.607967	1
162.659200	162.666833	1
162.704633	162.711033	1
162.712433	162.717067	1
162.761133	162.769833	1
162.802667	162.818100	1
162.869200	163.012300	1
163.023967	163.368633	1
163.374000	163.377767	1
163.380500	163.496967	1
163.636600	163.658100	1
163.664833	163.767700	1
163.805633	163.810700	1
163.825733	163.840067	1
163.841300	163.856667	1
163.862733	163.868067	1
163.881667	163.888733	1
163.891800	163.902133	1
163.903533	163.923467	1
163.937667	163.964267	1
164.039100	164.159500	1
164.166700	164.398967	1
164.428100	164.444967	1
164.458067	164.461167	1
164.466067	164.509767	1
164.565067	164.751767	1
164.754367	164.780467	1
164.783633	164.812900	1
164.848067	164.854567	1
164.868600	164.916367	1
164.919500	164.968067	1
164.976500	165.002600	1
165.060800	165.104533	1
165.105733	165.110967	1
165.112200	165.117833	1
165.118833	165.197500	1
165.245533	165.438200	1
165.443733	165.467100	1
165.470400	165.497800	1
165.550000	165.560033	1
165.583133	165.591567	1
165.596133	165.601600	1
165.608200	165.630567	1
165.632000	165.642767	1
165.652367	165.682167	1
165.685733	165.698900	1
165.738767	165.743600	1
165.829033	165.856600	1
165.861667	165.893633	1
165.913100	165.918133	1
165.958267	166.187300	1
166.198133	166.204933	1
166.233633	166.238467	1
166.454100	166.460400	1
166.461467	166.464767	1
166.472633	166.563233	1
166.622467	166.744600	1
166.791467	166.834567	1
166.835967	167.160100	1
167.356767	167.362233	1
167.468333	167.478367	1
167.479867	167.483033	1
167.564200	167.628367	1
167.630633	167.647867	1
167.656433	167.801433	1
167.804367	167.807967	1
167.912033	167.916567	1
167.927467	167.934267	1
167.949300	168.079967	1
168.097167	168.100800	1
168.109133	168.112267	1
168.117633	168.144733	1
168.186200	168.196533	1
168.197733	168.291567	1
168.308767	168.313467	1
168.315000	168.330833	1
168.337133	168.374667	1
168.388033	168.412867	1
168.414167	168.442600	1
168.443667	168.502033	1
168.507800	168.511300	1
168.523233	168.534733	1
168.535733	168.564600	1
168.572800	168.582033	1
168.587067	168.643067	1
168.651433	168.667567	1
168.693000	168.716333	1
168.721667	168.741133	1
168.742433	168.750700	1
168.754067	168.916967	1
168.923233	168.965100	1
168.975500	168.986633	1
169.010667	169.014667	1
169.019700	169.028567	1
169.038967	169.042600	1
169.076967	169.096300	1
169.097433	169.121667	1
169.123100	169.157567	1
169.160067	169.190567	1
169.199433	169.230800	1
169.232700	169.316333	1
169.339367	169.451100	1
169.456667	169.487100	1
169.506467	169.594167	1
170.191700	170.199433	1
170.208367	170.261867	1
170.429233	170.439833	1
170.440867	170.448567	1
170.449833	170.454033	1
170.455267	170.462900	1
170.464967	170.473667	1
170.485300	170.525133	1
170.542600	170.740233	1
170.747733	170.770000	1
170.821867	170.839800	1
170.867467	170.925300	1
170.926333	170.948967	1
170.960167	170.967900	1
170.972867	170.979167	1
170.984533	171.043233	1
171.045667	171.060433	1
171.071633	171.077733	1
171.080533	171.088733	1
171.092067	171.364467	1
171.412967	171.423700	1
171.468267	171.474267	1
171.476767	171.484000	1
171.517433	171.685833	1
171.692100	171.713067	1
171.718833	171.744033	1
171.759233	171.762567	1
171.782367	171.813933	1
171.815000	171.840500	1
171.842900	171.871833	1
171.901167	172.110767	1
172.118167	172.142033	1
172.391533	172.427300	1
172.429667	172.656033	1
172.681567	172.689133	1
172.697067	172.700533	1
172.710367	172.730533	1
172.737667	172.747533	1
172.765667	172.788267	1
172.796100	172.809467	1
172.821333	172.860900	1
172.867933	173.094433	1
173.125067	173.130200	1
173.137300	173.159833	1
173.189200	173.392167	1
173.396967	173.465833	1
173.488933	173.492700	1
173.515467	173.529933	1
173.530933	173.541000	1
173.545167	173.552967	1
173.555833	173.567100	1
173.571800	173.575333	1
173.586300	173.592267	1
173.595033	173.604467	1
173.615233	173.881433	1
173.919033	173.922233	1
173.924333	173.966500	1
173.973933	174.152500	1
174.191067	174.217267	1
174.221933	174.226833	1
174.233967	174.239333	1
174.246733	174.292633	1
174.296533	174.337700	1
174.349667	174.369167	1
174.371733	174.377233	1
174.385067	174.527500	1
174.542567	174.545867	1
174.573800	174.583700	1
174.591167	174.670567	1
174.672533	174.728067	1
174.742533	174.839900	1
174.854533	174.876233	1
174.895833	174.916367	1
174.922333	175.094500	1
175.095700	175.147133	1
175.187333	175.225100	1
175.239767	175.245200	1
175.253567	175.469800	1
175.475633	175.495067	1
175.499033	175.505000	1
175.580500	175.584133	1
175.618200	175.624633	1
175.645733	175.650400	1
175.738967	175.906533	1
176.218900	176.380400	1
176.384233	176.418233	1
176.480767	176.484633	1
176.487500	176.523833	1
176.529400	176.691300	1
176.692600	176.715733	1
176.724600	176.779700	1
177.112267	177.125933	1
177.130100	177.291067	1
177.292967	177.344733	1
177.476933	177.481733	1
177.508900	177.838067	1
177.881200	177.886033	1
177.894800	177.899633	1
177.939000	177.971300	1
177.975733	178.117167	1
178.137933	178.143767	1
178.160633	178.182033	1
178.220933	178.298933	1
178.300867	178.466633	1
178.473633	178.496967	1
178.502567	178.559733	1
178.560767	178.580833	1
178.584667	178.618267	1
178.619967	178.640067	1
178.659200	178.928533	1
178.940967	178.946100	1
178.947767	178.952200	1
178.961767	178.976100	1
178.979633	178.992367	1
178.993400	178.999800	1
179.005967	179.011533	1
179.014467	179.044367	1
179.045500	179.095033	1
179.100933	179.110800	1
179.120667	179.400433	1
179.402133	179.407133	1
179.416933	179.423200	1
179.428533	179.449667	1
179.450900	179.456000	1
179.457467	179.461967	1
179.468867	179.479800	1
179.483533	179.499433	1
179.532167	179.539567	1
179.541600	179.569500	1
179.571467	179.734333	1
179.737233	179.795033	1
179.838833	179.850200	1
179.920067	179.924367	1
179.925867	179.933467	1
180.130100	180.186467	1
180.191167	180.271800	1
180.301233	180.349033	1
180.354833	180.361433	1
180.366567	180.371000	1
180.378400	180.383267	1
180.410733	180.437933	1
180.483200	180.506433	1
180.519900	180.524933	1
180.525933	180.686400	1
180.690367	180.775567	1
180.783700	180.798167	1
180.811300	180.871400	1
180.881200	181.093267	1
181.094733	181.132400	1
181.150600	181.165100	1
181.178100	181.211367	1
181.212667	181.216100	1
181.244067	181.264767	1
181.272800	181.280233	1
181.286433	181.289867	1
181.291500	181.295033	1
181.296400	181.505567	1
181.520633	181.639967	1
181.649100	181.656633	1
181.679733	181.701167	1
181.705200	181.743467	1
181.750367	181.961500	1
181.962933	181.991100	1
182.027300	182.032467	1
182.200567	182.211933	1
182.228467	182.409767	1
182.412600	182.438800	1
182.445000	182.461600	1
182.463367	182.471733	1
182.508167	182.792833	1
182.793900	182.797500	1
182.807067	182.813100	1
182.814233	182.817433	1
182.818500	182.829067	1
182.864467	182.876867	1
182.881633	182.891667	1
182.907267	182.943733	1
182.952267	182.998167	1
183.000467	183.226000	1
183.230767	183.290533	1
183.313133	183.346767	1
183.348367	183.429100	1
183.472333	183.723067	1
183.732200	183.740900	1
183.746967	183.771733	1
183.773233	183.784367	1
183.798533	183.815500	1
183.831033	183.866567	1
183.869967	183.873267	1
183.880967	183.908867	1
183.948100	183.978700	1
183.979733	184.208767	1
184.261200	184.265100	1
184.277133	184.286967	1
184.320633	184.356900	1
184.384333	184.391800	1
184.454600	184.467800	1
184.563167	184.657633	1
184.734600	184.852400	1
184.867100	184.874600	1
184.888967	184.895167	1
184.898433	184.909733	1
184.918400	184.940200	1
184.960200	185.002233	1
185.004100	185.016367	1
185.023000	185.048467	1
185.054633	185.095233	1
185.103300	185.269000	1
185.275633	185.311500	1
185.314367	185.326200	1
185.327200	185.331567	1
185.336433	185.366533	1
185.370667	185.382800	1
185.388067	185.431067	1
185.435800	185.474933	1
185.479167	185.493300	1
185.498933	185.545767	1
185.553500	185.572700	1
185.589900	185.731633	1
185.777433	185.782767	1
185.784400	185.792833	1
185.799333	185.820633	1
185.822133	185.976500	1
185.991967	185.995867	1
186.013300	186.068467	1
186.086433	186.121267	1
186.124000	186.132700	1
186.140433	186.302767	1
186.313967	186.335300	1
186.341667	186.396000	1
186.406033	186.410633	1
186.422867	186.439300	1
186.443267	186.449267	1
186.497333	186.501133	1
186.502800	186.694000	1
186.822533	186.830200	1
186.842600	186.847033	1
186.852900	186.866667	1
186.881100	186.885633	1
186.900433	186.915767	1
186.988900	186.992400	1
186.995967	187.000000	1
187.034467	187.120300	1
187.137633	187.169167	1
187.256733	187.427433	1
187.428967	187.532400	1
187.557600	187.562067	1
187.588967	187.598500	1
187.979600	188.126667	1
188.191633	188.215100	1
188.218500	188.223500	1
188.229900	188.235767	1
188.236833	188.252300	1
188.256067	188.266533	1
188.280667	188.287733	1
188.302567	188.334300	1
188.344833	188.360800	1
188.366067	188.380333	1
188.382133	188.389200	1
188.424633	188.464433	1
188.465767	188.484633	1
188.489000	188.492600	1
188.497800	188.526767	1
188.529800	188.676900	1
188.685333	188.754233	1
188.770233	188.774033	1
188.791367	188.811433	1
188.827500	188.884833	1
188.886100	188.906233	1
188.920833	188.939967	1
188.947533	188.950600	1
188.953133	189.016867	1
189.022767	189.026867	1
189.030600	189.040300	1
189.054233	189.072000	1
189.091667	189.146500	1
189.163667	189.178900	1
189.188567	189.208800	1
189.218400	189.221400	1
189.228700	189.293000	1
189.298967	189.304400	1
189.462767	189.482033	1
189.483400	189.663333	1
189.665233	189.687633	1
189.692000	189.716133	1
189.723300	189.733033	1
189.751633	189.763700	1
189.771367	189.789367	1
189.812333	189.815767	1
189.817433	189.850967	1
189.862367	189.893233	1
189.920067	189.928000	1
189.929700	189.944033	1
189.945467	189.953367	1
189.957333	189.975667	1
190.000367	190.004633	1
190.006067	190.010933	1
190.014000	190.019233	1
190.021300	190.084133	1
190.085833	190.393900	1
190.413067	190.454567	1
190.463167	190.481433	1
190.482500	190.497533	1
190.500467	190.505800	1
190.529500	190.674900	1
190.688833	190.693433	1
190.703900	190.709933	1
190.727633	190.769100	1
190.778400	190.802200	1
190.806367	190.813200	1
190.824800	190.863633	1
190.870833	190.926733	1
190.938967	190.954867	1
190.974267	190.977833	1
190.981067	190.986933	1
191.022133	191.060700	1
191.095800	191.098800	1
191.152033	191.155067	1
191.156100	191.237133	1
191.244633	191.369400	1
191.382000	191.392933	1
191.397000	191.498100	1
191.513867	191.532067	1
191.535967	191.540367	1
191.554933	191.603800	1
191.610433	191.714467	1
191.727067	191.734133	1
191.737333	191.771100	1
191.775567	191.795600	1
191.801967	191.855767	1
191.862067	191.865667	1
191.867567	191.871067	1
191.876600	191.918533	1
191.921400	191.968333	1
191.979033	192.007167	1
192.008400	192.063800	1
192.080967	192.085533	1
192.087867	192.338967	1
192.404600	192.407733	1
192.415900	192.634133	1
192.653600	192.672267	1
192.686433	192.706933	1
192.716867	192.741900	1
192.743100	192.757300	1
192.775467	192.798733	1
192.808200	192.819400	1
192.821400	192.849000	1
192.851000	192.867333	1
192.893000	193.111600	1
193.113300	193.142033	1
193.143733	193.166433	1
193.187833	193.190933	1
193.197933	193.254833	1
193.261300	193.296900	1
193.302467	193.314033	1
193.333233	193.362700	1
193.377300	193.426300	1
193.428000	193.446633	1
193.458167	193.507567	1
193.529000	193.583367	1
193.630967	193.657933	1
193.671333	193.684133	1
193.713433	193.745200	1
193.746367	193.830800	1
193.873267	193.880400	1
193.893333	193.902733	1
193.918100	193.942433	1
193.995500	194.002500	1
194.015000	194.055500	1
194.066733	194.116933	1
194.140900	194.319467	1
194.325500	194.550933	1
194.554333	194.564800	1
194.617100	194.623500	1
194.629200	194.697367	1
194.698700	194.756033	1
194.767533	194.775067	1
194.803100	194.807933	1
194.815667	194.818933	1
194.820700	194.836700	1
194.838100	194.905400	1
194.907033	194.912667	1
194.913767	194.955033	1
194.958733	194.962533	1
194.998133	195.011900	1
195.018733	195.021800	1
195.033500	195.037267	1
195.040433	195.097333	1
195.099167	195.133633	1
195.134767	195.148367	1
195.149733	195.175367	1
195.196333	195.201800	1
195.209067	195.232633	1
195.238000	195.293733	1
195.294800	195.452800	1
195.461333	195.513400	1
195.544900	195.656567	1
195.657933	195.800267	1
195.802833	195.825767	1
195.831633	195.841800	1
195.843600	195.860033	1
195.863333	195.879900	1
195.884200	195.888100	1
195.905933	195.938233	1
195.952700	195.967300	1
195.968500	195.973933	1
195.983133	196.024967	1
196.026167	196.040200	1
196.055800	196.073667	1
196.081133	196.086833	1
196.088133	196.092567	1
196.096733	196.122467	1
196.131733	196.140067	1
196.144300	196.196700	1
196.199500	196.220767	1
196.221967	196.229500	1
196.235800	196.257867	1
196.270400	196.275300	1
196.285167	196.305133	1
196.307567	196.338467	1
196.340267	196.394933	1
196.397233	196.406367	1
196.413500	196.429000	1
196.430633	196.442200	1
196.467167	196.531167	1
196.536000	196.539467	1
196.541733	196.559733	1
196.561967	196.571867	1
196.598300	196.607833	1
196.610400	196.618267	1
196.620067	196.626567	1
196.633133	196.662700	1
196.685933	196.698467	1
196.699667	196.722367	1
196.726233	196.756333	1
196.776533	196.806033	1
196.815400	196.824567	1
196.840467	196.881000	1
196.889667	196.953800	1
196.955900	197.016900	1
197.029900	197.035067	1
197.036833	197.073800	1
197.083233	197.166900	1
197.172967	197.176000	1
197.201300	197.254500	1
197.268867	197.304167	1
197.305433	197.308700	1
197.320467	197.324200	1
197.356067	197.370933	1
197.377600	197.400433	1
197.403067	197.412233	1
197.420700	197.425933	1
197.426933	197.452167	1
197.931967	198.043933	1
198.135267	198.220333	1
198.224767	198.309500	1
198.311067	198.336367	1
198.339167	198.593733	1
198.602233	198.705633	1
199.279400	199.298367	1
199.318967	199.373100	1
199.379800	199.402967	1
199.407467	199.419967	1
199.421733	199.431933	1
199.450633	199.456000	1
199.503367	199.520567	1
199.522667	199.542767	1
199.544267	199.607967	1
199.635167	199.646467	1
199.677700	199.802400	1
199.834600	200.071500	1
200.076433	200.080767	1
200.082167	200.108833	1
200.123833	200.153633	1
200.162567	200.209667	1
200.215533	200.264100	1
200.270500	200.314433	1
200.316267	200.343800	1
200.345400	200.363900	1
200.365100	200.368800	1
200.434933	200.464000	1
200.466067	200.495767	1
200.543900	200.594867	1
200.598100	200.855433	1
200.875533	200.925467	1
200.931133	200.966400	1
200.993367	201.003567	1
201.042567	201.229333	1
201.235067	201.257567	1
201.259500	201.286500	1
201.291667	201.297333	1
201.300867	201.307400	1
201.324300	201.327700	1
201.353433	201.370200	1
201.372833	201.376167	1
201.377267	201.390867	1
201.396500	201.423333	1
201.461767	201.468900	1
201.470167	201.474167	1
201.666067	201.717633	1
201.724033	201.738700	1
201.827900	201.963300	1
201.980300	201.988267	1
202.011600	202.027567	1
202.375933	202.386800	1
202.392467	202.506167	1
202.507167	202.514700	1
202.517433	202.544667	1
202.582400	202.586167	1
202.694067	202.755000	1
202.763533	203.100567	1
203.139867	203.143033	1
203.144167	203.154733	1
203.666867	203.670100	1
203.676833	203.688000	1
203.693367	203.889967	1
203.910067	203.915100	1
203.922300	203.926600	1
203.948133	203.973767	1
203.989900	204.003967	1
204.009867	204.015567	1
204.060333	204.083167	1
204.084700	204.088967	1
204.148067	204.172133	1
204.249133	204.289167	1
204.332400	204.350333	1
204.400067	204.444767	1
204.452233	204.491333	1
204.541900	204.580267	1
204.585033	204.630733	1
204.861900	204.867467	1
204.881600	205.033167	1
205.331067	205.439133	1
205.447267	205.465400	1
205.886867	205.890367	1
206.007533	206.047133	1
206.048500	206.052533	1
206.054533	206.082900	1
206.196667	206.305933	1
206.369167	206.485433	1
206.553633	206.662733	1
206.743967	206.859433	1
206.861700	206.866533	1
206.991333	206.999533	1
207.004000	207.179567	1
207.227400	207.237733	1
207.396267	207.401400	1
207.406033	207.669667	1
207.805867	207.815300	1
208.223067	208.385300	1
