79.231806	79.413806	1
83.772272	83.977272	1
86.591668	86.601668	2
86.604668	86.792668	1
89.263871	89.267871	2
89.274871	89.477871	1
89.488871	89.495871	2
91.523253	91.529253	2
91.537253	91.783253	1
96.745568	96.751568	2
96.756568	96.956568	1
101.217905	101.386905	1
101.388905	101.434905	1
104.482362	104.486362	2
104.490362	104.677362	1
106.878992	107.091992	1
111.562667	111.753667	1
385.148462	385.369462	1
412.671300	412.882300	1
745.070229	745.261229	1
751.766160	751.782160	2
751.794160	752.009160	1
817.090724	817.281724	1
820.757419	820.764419	2
820.767419	820.981419	1
827.324616	827.522616	1
866.744602	866.799602	1
866.854602	866.862602	2
866.865602	867.360602	1
1747.146531	1747.362531	1
1749.407057	1749.618057	1
1749.799622	1750.008622	1
1750.012622	1750.052622	1
1751.954186	1752.211186	1
1752.489451	1752.588451	1
1755.916930	1756.089930	1
1756.511261	1756.572261	1
1756.657261	1756.925261	1
1757.245955	1757.343955	1
1757.430955	1757.477955	1
1757.487955	1757.673955	1
1760.208374	1760.367374	1
1760.369374	1760.410374	1
1760.519532	1760.685532	1
1765.640264	1765.645264	2
1765.649264	1765.883264	1
1766.918823	1766.999823	1
1767.090823	1767.094823	2
1767.101823	1767.338823	1
1767.447823	1767.573823	1
1767.643823	1767.807823	1
1768.232657	1768.288657	1
1768.294657	1768.387657	1
1768.393657	1768.484657	1
1768.515657	1768.519657	2
1768.529657	1768.592657	1
1768.690657	1768.909657	1
1769.013657	1769.034657	2
1769.041657	1769.066657	1
1769.117657	1769.143657	1
1769.159657	1769.162657	2
1769.235657	1769.352657	1
1769.487657	1769.577657	1
1769.589657	1769.595657	2
1769.600657	1769.609657	2
1769.614657	1769.712657	2
1769.715657	1769.824657	2
1769.827657	1769.851657	2
1769.880657	1770.076657	1
1770.081657	1770.118657	1
1770.159657	1770.202657	2
1770.226657	1770.480657	2
1770.494657	1770.501657	2
1770.503657	1770.515657	2
1770.518657	1770.577657	2
1770.595657	1770.611657	2
1770.658657	1770.667657	2
1770.690657	1770.719657	1
1770.760657	1770.789657	1
1770.830657	1770.879657	1
1770.883657	1770.893657	1
1770.895657	1770.910657	1
1770.919657	1770.955657	1
1771.048657	1771.218657	1
1771.289657	1771.295657	2
1771.338657	1771.341657	2
1771.349657	1771.380657	1
1771.384657	1771.664657	1
1771.766657	1772.038657	1
1772.052657	1772.055657	2
1773.668974	1773.701974	1
1773.704974	1773.950974	1
1774.155974	1774.306974	1
1774.412974	1774.506974	1
1774.566974	1774.573974	2
1774.577974	1774.593974	2
1774.607974	1774.622974	2
1774.678974	1774.685974	2
1774.710974	1774.714974	2
1774.723974	1774.730974	2
1774.976974	1775.149974	1
1775.153974	1775.176974	1
1775.178974	1775.209974	1
1775.307974	1775.599974	1
1779.665538	1779.831538	1
1779.999538	1780.095538	1
1782.045323	1782.052323	2
1782.056323	1782.121323	1
1782.193323	1782.504323	1
1782.591323	1782.594323	2
1782.600323	1782.685323	1
1782.757323	1782.892323	1
1782.894323	1783.062323	1
1783.137323	1783.161323	1
1783.234323	1783.247323	1
1783.264323	1783.275323	1
1783.287323	1783.292323	2
1783.340323	1783.386323	1
1783.389323	1783.398323	1
1783.402323	1783.413323	1
1783.433323	1783.446323	1
1783.449323	1783.463323	1
1783.564323	1783.753323	1
1784.411430	1784.481430	1
1784.566430	1784.620430	1
1784.630430	1784.707430	1
1784.778430	1785.129430	1
1785.309430	1785.318430	2
1785.329430	1785.463430	1
1785.467430	1785.485430	1
1785.576430	1785.613430	1
1785.617430	1785.698430	1
1785.755430	1785.782430	1
1785.787430	1785.923430	1
1785.964430	1785.977430	2
1785.979430	1786.034430	2
1786.038430	1786.083430	1
1786.087430	1786.310430	1
1787.034115	1787.063115	1
1787.065115	1787.073115	2
1787.076115	1787.080115	2
1787.086115	1787.103115	2
1787.112115	1787.132115	1
1787.197115	1787.246115	1
1787.257115	1787.270115	1
1787.272115	1787.285115	1
1787.288115	1787.330115	1
1787.418115	1787.606115	1
1787.609115	1787.613115	2
1787.617115	1787.706115	2
1787.725115	1787.942115	1
1787.999115	1788.007115	2
1788.109115	1788.118115	2
1788.141115	1788.146115	2
1788.173115	1788.338115	1
1788.341115	1788.374115	1
1788.480115	1788.499115	2
1788.504115	1788.510115	2
1788.512115	1788.534115	2
1788.549115	1788.580115	2
1788.582115	1788.651115	2
1788.671115	1788.703115	2
1788.709115	1788.754115	2
1788.784115	1788.789115	2
1788.796115	1788.826115	1
1788.864115	1788.908115	1
1788.949115	1788.995115	1
1788.998115	1789.012115	1
1789.033115	1789.043115	1
1789.047115	1789.060115	1
1789.062115	1789.075115	1
1789.081115	1789.114115	1
1789.170115	1789.176115	2
1789.185115	1789.303115	1
1789.422115	1789.536115	1
1789.544115	1789.565115	1
1789.594115	1789.599115	2
1789.615115	1789.623115	2
1789.754115	1789.765115	2
1789.781115	1789.789115	2
1789.796115	1789.829115	1
1789.836115	1789.870115	1
1789.875115	1789.930115	1
1789.947115	1789.953115	2
1789.963115	1789.969115	2
1789.976115	1790.039115	1
1790.062115	1790.067115	2
1790.082115	1790.114115	1
1790.120115	1790.275115	1
1790.279115	1790.300115	1
1790.349115	1790.354115	2
1790.424115	1790.528115	1
1790.550115	1790.573115	2
1790.576115	1790.771115	1
1790.782115	1790.866115	1
1790.876115	1791.119115	1
1791.121115	1791.191115	1
1791.267115	1791.270115	2
1791.275115	1791.360115	1
1791.488115	1791.499115	2
1791.502115	1791.505115	2
1791.510115	1791.767115	1
1791.873115	1791.992115	1
1792.053115	1792.204115	1
1792.511115	1792.521115	2
1792.525115	1792.900115	1
1792.971115	1792.974115	2
1792.988115	1793.025115	1
1793.030115	1793.079115	2
1793.087115	1793.091115	2
1793.106115	1793.109115	2
1793.114115	1793.390115	1
1793.546115	1793.575115	1
1793.629115	1793.633115	2
1793.643115	1793.853115	1
1793.904115	1793.908115	2
1793.919115	1793.959115	1
1794.003115	1794.027115	1
1794.061115	1794.068115	2
1794.080115	1794.088115	2
1794.098115	1794.421115	1
1794.433115	1794.527115	1
1794.621115	1794.625115	2
1794.638115	1794.669115	1
1794.781115	1794.784115	2
1794.797115	1794.999115	1
1795.004115	1795.007115	2
1795.013115	1795.056115	1
1795.655115	1795.660115	2
1795.662115	1795.759115	1
1795.829115	1796.197115	1
1796.426115	1796.524115	1
1796.613115	1796.879115	1
1797.199115	1797.370115	1
1797.705115	1797.743115	2
1797.802115	1797.929115	1
1798.003115	1798.235115	1
1798.292115	1798.467115	1
1798.581115	1798.595115	1
1798.599115	1798.603115	2
1798.697115	1798.894115	1
1798.897115	1798.921115	1
1798.969115	1798.972115	2
1798.981115	1798.991115	2
1798.994115	1799.025115	2
1799.080115	1799.086115	2
1799.529115	1799.531115	2
1799.543115	1799.574115	1
1799.617115	1799.655115	1
1799.666115	1799.669115	2
1799.705115	1799.759115	1
1799.768115	1799.955115	1
1800.012115	1800.023115	2
1800.025115	1800.029115	2
1800.031115	1800.057115	1
1800.077115	1800.086115	2
1800.099115	1800.140115	2
1800.143115	1800.311115	1
1800.320115	1800.324115	2
1800.334115	1800.498115	2
1800.502115	1800.620115	1
1800.625115	1800.667115	2
1800.669115	1800.774115	2
1800.778115	1800.815115	1
1800.817115	1800.981115	1
1800.989115	1801.024115	1
1801.057115	1801.142115	2
1801.146115	1801.151115	2
1801.156115	1801.208115	2
1801.210115	1801.220115	2
1801.222115	1801.240115	2
1801.246115	1801.252115	2
1801.261115	1801.264115	2
1801.275115	1801.309115	2
1801.314115	1801.332115	2
1801.340115	1801.488115	1
1801.500115	1801.505115	2
1801.516115	1801.521115	2
1801.532115	1801.539115	2
1801.547115	1801.663115	1
1801.665115	1801.691115	1
1804.604050	1804.761050	1
1804.765050	1804.791050	1
1804.902050	1804.909050	2
1804.978050	1804.987050	2
1804.991050	1805.095050	1
1805.103050	1805.126050	1
1807.282926	1807.353926	1
1807.446926	1807.828926	1
1807.837926	1807.973926	1
1808.053926	1808.104926	1
1808.107926	1808.147926	1
1808.191926	1808.199926	2
1808.202926	1808.326926	1
1808.567926	1808.570926	2
1808.573926	1808.604926	2
1808.662926	1808.674926	2
1808.676926	1808.700926	2
1808.723926	1808.731926	2
1808.756926	1808.760926	2
1808.769926	1808.817926	1
1808.833926	1808.850926	1
1808.854926	1808.880926	1
1808.910926	1808.960926	1
1808.978926	1809.084926	1
1809.210926	1809.275926	1
1811.979013	1812.046013	1
1812.068013	1812.150013	1
1812.214013	1812.264013	1
1812.321013	1812.326013	2
1812.342013	1812.355013	1
1812.367013	1812.402013	1
1812.485013	1812.489013	2
1812.502013	1812.516013	2
1812.521013	1812.552013	1
1812.554013	1812.558013	2
1812.565013	1812.750013	1
1812.887013	1813.131013	1
1814.228379	1814.312379	1
1814.383379	1814.390379	2
1814.393379	1814.585379	1
1814.846379	1814.855379	2
1814.861379	1814.961379	2
1814.966379	1815.113379	1
1815.185379	1815.252379	1
1815.260379	1815.327379	1
1815.415379	1815.420379	2
1815.427379	1815.430379	2
1815.434379	1815.563379	1
1934.094613	1934.097613	2
1934.099613	1934.318613	1
1934.472613	1934.632613	1
1934.642613	1934.647613	2
1934.675613	1934.691613	2
1934.704613	1934.709613	2
1935.084613	1935.137613	2
1935.141613	1935.144613	2
1935.149613	1935.230613	1
1935.242613	1935.304613	1
1937.725779	1937.730779	2
1937.734779	1937.742779	2
1937.744779	1937.915779	1
1937.990779	1937.994779	2
1938.004779	1938.012779	2
1938.017779	1938.092779	1
1938.158779	1938.164779	2
1938.194779	1938.284779	2
1938.292779	1938.302779	2
1938.304779	1938.328779	2
1938.332779	1938.353779	2
1938.360779	1938.423779	2
1938.427779	1938.435779	2
1938.445779	1938.587779	1
1938.589779	1938.593779	2
1938.624779	1938.667779	2
1938.675779	1938.691779	2
1938.694779	1938.709779	2
1938.711779	1938.734779	2
1938.738779	1938.769779	2
1938.788779	1938.793779	2
1938.798779	1938.811779	2
1938.819779	1938.831779	2
1938.835779	1938.889779	1
1938.895779	1938.907779	1
1938.916779	1938.928779	2
1938.937779	1939.013779	2
1939.015779	1939.123779	2
1939.130779	1939.136779	2
1939.139779	1939.158779	2
1939.161779	1939.169779	2
1939.175779	1939.301779	1
1939.364779	1939.368779	2
1939.402779	1939.414779	2
1939.417779	1939.424779	2
1939.426779	1939.431779	2
1939.435779	1939.438779	2
1939.448779	1939.495779	2
1939.500779	1939.604779	2
1939.606779	1939.631779	2
1939.636779	1939.656779	2
1939.668779	1939.695779	2
1939.701779	1939.735779	2
1939.741779	1939.744779	2
1939.794779	1939.874779	1
1939.941779	1939.945779	2
1939.965779	1940.292779	1
1940.482779	1940.488779	2
1940.492779	1940.497779	2
1940.501779	1940.603779	1
1940.746779	1940.762779	2
1940.797779	1940.816779	2
1940.821779	1940.824779	2
1940.831779	1940.845779	2
1940.862779	1940.898779	2
1940.904779	1940.907779	2
1940.912779	1940.917779	2
1940.922779	1940.972779	2
1940.975779	1941.150779	1
1941.155779	1941.291779	1
1941.310779	1941.314779	2
1941.332779	1941.358779	2
1941.368779	1941.399779	1
1941.406779	1941.412779	2
1941.417779	1941.429779	2
1941.438779	1941.458779	2
1941.462779	1941.467779	2
1941.480779	1941.704779	1
1942.014779	1942.026779	2
1942.097779	1942.151779	1
1942.156779	1942.172779	2
1942.181779	1942.220779	1
1942.222779	1942.257779	1
1942.306779	1942.333779	1
1942.368779	1942.409779	1
1942.416779	1942.433779	1
1942.445779	1942.477779	1
1942.497779	1942.502779	2
1942.558779	1942.562779	2
1942.576779	1942.730779	1
1942.795779	1942.799779	2
1943.126779	1943.138779	2
1943.141779	1943.231779	1
1943.334779	1943.741779	1
1943.769779	1943.788779	2
1943.828779	1943.843779	2
1943.853779	1943.856779	2
1943.872779	1943.876779	2
1943.879779	1943.926779	1
1943.930779	1944.046779	1
1944.075779	1944.104779	2
1944.151779	1944.251779	2
1944.255779	1944.269779	2
1944.317779	1944.363779	1
1944.398779	1944.403779	2
1944.411779	1944.431779	1
1944.441779	1944.447779	2
1944.490779	1944.533779	1
1944.540779	1944.573779	1
1944.587779	1944.597779	1
1944.599779	1944.614779	1
1944.675779	1944.691779	2
1944.715779	1944.731779	2
1944.733779	1944.754779	2
1944.756779	1945.044779	1
1945.081779	1945.089779	2
1945.095779	1945.108779	2
1945.150779	1945.255779	2
1945.274779	1945.283779	2
1945.286779	1945.448779	1
1945.450779	1945.481779	1
1945.499779	1945.505779	2
1945.512779	1945.548779	2
1945.550779	1945.661779	2
1945.663779	1945.676779	2
1945.678779	1945.712779	2
1945.717779	1945.733779	2
1945.739779	1945.810779	1
1945.817779	1945.901779	1
1945.912779	1945.922779	2
1945.925779	1945.931779	2
1945.935779	1945.947779	2
1945.953779	1945.975779	1
1945.979779	1946.114779	1
1946.119779	1946.200779	2
1946.205779	1946.242779	2
1946.244779	1946.285779	2
1946.287779	1946.298779	2
1946.348779	1946.355779	2
1946.612779	1946.634779	2
1946.639779	1946.671779	1
1946.683779	1946.777779	1
1946.816779	1946.821779	2
1946.834779	1946.861779	1
1946.910779	1947.122779	1
1947.125779	1947.158779	1
1947.203779	1947.209779	2
1947.224779	1947.238779	2
1947.244779	1947.256779	2
1947.284779	1947.287779	2
1947.290779	1947.307779	2
1947.315779	1947.319779	2
1947.332779	1947.371779	2
1947.472779	1947.489779	2
1947.494779	1947.527779	1
1947.534779	1947.652779	1
1947.709779	1947.744779	1
1947.780779	1947.799779	2
1947.804779	1947.999779	1
1948.001779	1948.049779	1
1948.064779	1948.088779	2
1948.146779	1948.152779	2
1948.166779	1948.178779	2
1948.309779	1948.417779	1
1948.471779	1948.497779	1
1948.532779	1948.552779	1
1948.564779	1948.568779	2
1948.632779	1948.654779	1
1948.730779	1948.927779	1
1948.987779	1949.033779	2
1949.049779	1949.071779	2
1949.075779	1949.084779	2
1949.090779	1949.133779	2
1949.145779	1949.203779	2
1949.212779	1949.237779	2
1949.265779	1949.276779	2
1949.282779	1949.288779	2
1949.306779	1949.325779	1
1949.335779	1949.491779	1
1949.494779	1949.548779	1
1949.557779	1949.566779	2
1949.576779	1949.595779	2
1949.619779	1949.626779	2
1949.636779	1949.816779	1
1949.821779	1949.828779	2
1949.848779	1949.874779	2
1949.883779	1949.895779	2
1949.907779	1949.913779	2
1949.923779	1950.141779	1
1950.173779	1950.177779	2
1950.185779	1950.193779	2
1950.438779	1950.442779	2
1950.449779	1950.452779	2
1950.462779	1950.484779	1
1950.507779	1950.510779	2
1950.607779	1950.641779	1
1950.644779	1950.675779	1
1950.682779	1950.819779	1
1950.873779	1950.889779	2
1951.022779	1951.028779	2
1951.053779	1951.060779	1
1951.063779	1951.069779	1
1951.077779	1951.252779	1
1951.266779	1951.271779	2
1951.279779	1951.283779	2
1951.322779	1951.326779	2
1951.358779	1951.370779	2
1951.381779	1951.422779	2
1951.427779	1951.475779	2
1951.483779	1951.506779	2
1951.509779	1951.653779	1
1951.661779	1951.692779	2
1951.696779	1951.711779	2
1951.724779	1951.755779	1
1951.765779	1951.803779	2
1951.812779	1952.061779	1
1952.077779	1952.191779	2
1952.196779	1952.222779	2
1952.226779	1952.230779	2
1952.254779	1952.272779	2
1952.275779	1952.283779	2
1952.292779	1952.296779	2
1952.318779	1952.324779	2
1952.337779	1952.353779	2
1952.355779	1952.555779	1
1952.559779	1952.583779	1
1952.586779	1952.589779	2
1952.592779	1952.645779	1
1952.647779	1952.650779	2
1952.674779	1952.716779	2
1952.725779	1952.968779	1
1953.259779	1953.266779	2
1953.271779	1953.377779	1
1953.403779	1953.408779	2
1953.457779	1953.460779	2
1953.465779	1953.638779	1
1953.702779	1953.745779	1
1953.763779	1953.768779	2
1953.774779	1953.793779	2
1953.797779	1953.956779	1
1953.958779	1953.987779	1
1954.065779	1954.101779	2
1954.108779	1954.118779	2
1954.121779	1954.174779	2
1954.191779	1954.195779	2
1954.245779	1954.256779	2
1954.258779	1954.268779	2
1954.270779	1954.296779	2
1954.299779	1954.302779	2
1954.337779	1954.351779	2
1954.353779	1954.379779	1
1954.387779	1954.468779	1
1954.471779	1954.492779	1
1954.541779	1954.572779	1
1954.643779	1954.845779	1
1954.848779	1954.913779	1
1954.932779	1954.936779	2
1955.029779	1955.040779	2
1955.045779	1955.050779	2
1955.057779	1955.066779	2
1955.080779	1955.087779	2
1955.221779	1955.227779	2
1955.317779	1955.322779	2
1955.331779	1955.384779	1
1955.397779	1955.416779	1
1955.418779	1955.444779	1
1955.483779	1955.486779	2
1955.497779	1955.540779	1
1955.566779	1955.612779	1
1955.671779	1955.869779	1
1955.871779	1955.924779	1
1955.959779	1956.002779	2
1956.036779	1956.081779	2
1956.086779	1956.107779	2
1956.116779	1956.279779	1
1956.283779	1956.341779	1
1956.354779	1956.395779	2
1956.402779	1956.416779	2
1956.425779	1956.436779	2
1956.494779	1956.497779	2
1956.530779	1956.539779	2
1956.548779	1956.603779	2
1956.608779	1956.621779	2
1956.634779	1956.640779	2
1956.681779	1956.691779	2
1956.703779	1956.708779	2
1956.721779	1956.726779	2
1956.750779	1956.776779	2
1956.779779	1956.813779	1
1956.817779	1956.820779	2
1956.918779	1957.007779	1
1957.010779	1957.089779	1
1957.092779	1957.186779	1
1957.411779	1957.537779	1
1957.549779	1957.572779	1
1957.575779	1957.583779	2
1957.589779	1957.595779	2
1957.615779	1957.620779	2
1957.629779	1957.640779	2
1957.645779	1957.667779	1
1957.671779	1957.791779	1
1957.835779	1957.838779	2
1957.840779	1957.867779	2
1957.870779	1957.914779	1
1957.940779	1957.942779	2
1957.947779	1957.972779	2
1957.981779	1958.180779	1
1958.184779	1958.224779	1
1958.276779	1958.308779	2
1958.329779	1958.358779	2
1958.368779	1958.424779	2
1958.430779	1958.478779	2
1958.490779	1958.513779	2
1958.519779	1958.554779	2
1958.557779	1958.565779	2
1958.574779	1958.590779	2
1958.592779	1958.743779	1
1958.745779	1958.805779	1
1958.810779	1958.938779	2
1958.955779	1958.963779	2
1958.968779	1959.019779	2
1959.128779	1959.140779	2
1959.144779	1959.171779	1
1959.177779	1959.192779	1
1959.303779	1959.328779	1
1959.336779	1959.360779	1
1959.450779	1959.611779	1
1959.614779	1959.637779	2
1959.639779	1959.645779	2
1959.791779	1959.794779	2
1959.823779	1959.928779	1
1960.017779	1960.028779	2
1960.044779	1960.050779	2
1960.291779	1960.309779	2
1960.317779	1960.320779	2
1960.353779	1960.368779	2
1960.374779	1960.408779	1
1960.411779	1960.471779	1
1960.474779	1960.531779	1
1960.535779	1960.557779	2
1960.566779	1960.584779	2
1960.589779	1960.616779	1
1960.642779	1960.655779	2
1960.677779	1960.680779	2
1960.691779	1960.900779	1
1960.904779	1960.938779	1
1960.974779	1960.989779	2
1961.005779	1961.022779	2
1961.026779	1961.032779	2
1961.050779	1961.059779	2
1961.061779	1961.068779	2
1961.078779	1961.087779	2
1961.092779	1961.099779	2
1961.108779	1961.384779	1
1961.456779	1961.461779	2
1961.548779	1961.555779	2
1961.766779	1961.771779	2
1961.779779	1961.812779	1
1961.925779	1962.197779	1
1962.219779	1962.343779	1
1962.366779	1962.375779	2
1962.383779	1962.401779	2
1962.422779	1962.425779	2
1962.433779	1962.634779	1
1962.638779	1962.687779	1
1962.712779	1962.720779	2
1962.722779	1962.734779	2
1962.830779	1962.834779	2
1962.844779	1962.984779	1
1962.999779	1963.002779	2
1963.035779	1963.051779	2
1963.069779	1963.089779	2
1963.235779	1963.239779	2
1963.254779	1963.258779	2
1963.261779	1963.278779	2
1963.281779	1963.548779	1
1963.550779	1963.560779	2
1963.578779	1963.596779	2
1963.601779	1963.643779	1
1963.651779	1963.656779	2
1963.662779	1963.890779	1
1963.915779	1964.005779	1
1964.029779	1964.057779	2
1964.065779	1964.076779	2
1964.426779	1964.433779	2
1964.438779	1964.507779	1
1964.591779	1964.925779	1
1965.302779	1965.306779	2
1965.313779	1965.335779	1
1965.392779	1965.406779	2
1965.440779	1965.461779	2
1965.464779	1965.762779	1
1965.781779	1965.788779	2
1966.014779	1966.025779	1
1966.030779	1966.229779	1
1966.265779	1966.268779	2
1966.312779	1966.320779	2
1966.362779	1966.432779	1
1966.454779	1966.459779	2
1966.486779	1966.501779	2
1966.521779	1966.615779	2
1966.623779	1966.665779	2
1966.670779	1966.673779	2
1966.675779	1966.701779	2
1966.707779	1966.718779	2
1966.737779	1966.769779	2
1966.863779	1966.866779	2
1966.868779	1966.872779	2
1966.874779	1967.077779	1
1967.109779	1967.120779	2
1967.123779	1967.130779	2
1967.132779	1967.190779	2
1967.192779	1967.209779	2
1967.253779	1967.293779	1
1967.313779	1967.322779	2
1967.336779	1967.380779	1
1967.406779	1967.456779	1
1967.508779	1967.528779	1
1967.595779	1967.639779	1
1967.645779	1967.696779	1
1967.748779	1967.784779	1
1967.844779	1967.848779	2
1967.864779	1967.901779	1
1967.903779	1968.041779	1
1968.043779	1968.061779	1
1968.063779	1968.092779	1
1968.095779	1968.101779	2
1968.487779	1968.496779	2
1968.499779	1968.745779	1
1968.835779	1968.841779	2
1968.854779	1968.945779	1
1968.968779	1968.983779	2
1968.991779	1969.078779	2
1969.086779	1969.291779	1
1969.295779	1969.327779	1
1969.378779	1969.397779	2
1969.399779	1969.420779	2
1969.422779	1969.433779	2
1969.439779	1969.525779	2
1969.534779	1969.545779	2
1969.555779	1969.598779	2
1969.639779	1969.645779	2
1969.650779	1969.706779	1
1969.709779	1969.977779	1
1970.000779	1970.003779	2
1970.007779	1970.023779	2
1970.030779	1970.062779	2
1970.067779	1970.072779	2
1970.077779	1970.080779	2
1970.090779	1970.121779	1
1970.143779	1970.159779	2
1970.177779	1970.181779	2
1970.190779	1970.427779	1
1970.447779	1970.454779	2
1970.573779	1970.583779	2
1970.593779	1970.626779	1
1970.707779	1970.881779	1
1970.897779	1970.976779	1
1970.979779	1970.983779	2
1970.990779	1971.002779	2
1971.028779	1971.034779	2
1971.047779	1971.083779	1
1971.108779	1971.126779	2
1971.129779	1971.134779	2
1971.146779	1971.189779	1
1971.191779	1971.598779	1
1971.604779	1971.606779	2
1971.611779	1971.631779	2
1971.635779	1971.669779	2
1971.671779	1971.687779	2
1971.690779	1971.715779	2
1971.717779	1971.792779	2
1971.796779	1971.804779	2
1971.806779	1971.818779	2
1971.822779	1971.845779	2
1971.852779	1972.142779	1
1972.148779	1972.165779	2
1972.172779	1972.175779	2
1972.177779	1972.218779	2
1972.234779	1972.249779	2
1972.263779	1972.272779	2
1972.276779	1972.537779	1
1972.540779	1972.545779	2
1972.557779	1972.580779	2
1972.600779	1972.630779	2
1972.640779	1972.661779	2
1972.663779	1972.694779	2
1972.700779	1972.702779	2
1972.752779	1972.762779	2
1972.806779	1972.808779	2
1972.817779	1972.884779	1
1972.887779	1972.911779	1
1972.928779	1972.949779	1
1972.952779	1972.966779	1
1973.067779	1973.346779	1
1973.364779	1973.371779	2
1973.379779	1973.430779	2
1973.435779	1973.446779	2
1973.450779	1973.463779	2
1973.470779	1973.736779	1
1973.760779	1973.767779	2
1973.847779	1973.861779	2
1974.036779	1974.060779	2
1974.063779	1974.103779	1
1974.198779	1974.221779	1
1974.223779	1974.239779	1
1974.258779	1974.314779	1
1974.321779	1974.347779	1
1974.353779	1974.703779	1
1974.745779	1974.763779	2
1974.772779	1974.783779	2
1974.803779	1974.963779	1
1974.965779	1975.026779	1
1975.035779	1975.040779	2
1975.044779	1975.048779	2
1975.073779	1975.097779	2
1975.104779	1975.143779	2
1975.145779	1975.158779	2
1975.170779	1975.175779	2
1975.264779	1975.285779	2
1975.293779	1975.435779	1
1975.439779	1975.443779	2
1975.456779	1975.459779	2
1975.468779	1975.476779	2
1975.487779	1975.505779	2
1975.514779	1975.553779	2
1975.562779	1975.568779	2
1975.598779	1975.618779	2
1975.625779	1975.637779	2
1975.650779	1975.655779	2
1975.660779	1975.668779	2
1975.675779	1975.731779	1
1975.797779	1976.191779	1
1976.218779	1976.254779	2
1976.267779	1976.272779	2
1976.277779	1976.283779	2
1976.291779	1976.481779	1
1976.488779	1976.517779	2
1976.523779	1976.561779	2
1976.568779	1976.621779	2
1976.623779	1976.665779	2
1976.667779	1976.677779	2
1976.686779	1976.696779	2
1976.765779	1976.768779	2
1976.796779	1976.839779	1
1976.842779	1976.875779	1
1976.906779	1976.965779	1
1976.969779	1977.165779	1
1977.167779	1977.178779	1
1977.198779	1977.248779	1
1977.255779	1977.296779	1
1977.331779	1977.334779	2
1977.348779	1977.589779	1
1977.604779	1977.608779	2
1977.617779	1977.627779	2
1977.635779	1977.647779	2
1977.652779	1977.670779	2
1977.672779	1977.676779	2
1977.690779	1977.695779	2
1977.718779	1977.724779	2
1977.760779	1977.783779	2
1977.843779	1977.854779	2
1977.864779	1978.092779	1
1978.306779	1978.459779	1
1978.466779	1978.469779	2
1978.499779	1978.516779	2
1978.521779	1978.535779	2
1978.544779	1978.552779	2
1978.563779	1978.568779	2
1978.570779	1978.586779	2
1978.609779	1978.629779	2
1978.756779	1978.761779	2
1978.772779	1979.093779	1
1979.100779	1979.216779	1
1979.224779	1979.233779	2
1979.243779	1979.248779	2
1979.257779	1979.280779	2
1979.286779	1979.539779	1
1979.562779	1979.572779	2
1979.585779	1979.590779	2
1979.664779	1979.669779	2
1979.822779	1979.826779	2
1979.862779	1979.885779	1
1979.895779	1979.909779	2
1979.919779	1979.923779	2
1979.978779	1980.334779	1
1980.347779	1980.355779	2
1980.369779	1980.372779	2
1980.397779	1980.668779	1
1981.000779	1981.089779	1
1981.176779	1981.435779	1
1981.555779	1981.560779	2
1981.572779	1981.581779	2
1981.779779	1981.784779	2
1981.853779	1981.861779	2
1981.877779	1982.007779	1
1982.011779	1982.147779	1
1982.151779	1982.159779	2
1982.177779	1982.228779	1
1982.234779	1982.285779	1
1982.303779	1982.337779	2
1982.342779	1982.399779	2
1982.401779	1982.633779	1
1982.661779	1982.691779	2
1982.694779	1982.726779	2
1982.728779	1982.732779	2
1982.738779	1982.793779	1
1982.928779	1982.932779	2
1982.947779	1983.128779	1
1983.142779	1983.145779	2
1983.150779	1983.156779	2
1983.171779	1983.205779	1
1983.214779	1983.217779	2
1983.226779	1983.282779	2
1983.285779	1983.506779	1
1983.516779	1983.576779	1
1983.755779	1983.759779	2
1983.762779	1983.833779	1
1983.930779	1984.236779	1
1984.261779	1984.264779	2
1984.269779	1984.277779	2
1984.292779	1984.305779	2
1984.354779	1984.368779	2
1984.374779	1984.393779	2
1984.395779	1984.409779	2
1984.412779	1984.460779	2
1984.463779	1984.491779	2
1984.497779	1984.665779	1
1984.669779	1984.715779	1
1984.725779	1984.740779	2
1984.746779	1984.806779	2
1984.823779	1984.899779	1
1984.926779	1984.979779	2
1984.998779	1985.000779	2
1985.007779	1985.299779	1
1985.431779	1985.440779	2
1985.455779	1985.461779	2
1985.483779	1985.486779	2
1985.489779	1985.524779	2
1985.531779	1985.547779	2
1985.575779	1985.606779	1
1985.615779	1985.830779	1
1985.881779	1985.902779	2
1985.915779	1986.250779	1
1986.280779	1986.284779	2
1986.368779	1986.378779	2
1986.485779	1986.494779	2
1986.579779	1986.628779	1
1986.679779	1986.724779	1
1986.736779	1986.821779	1
1986.825779	1986.908779	1
1986.911779	1987.130779	1
1987.156779	1987.193779	2
1987.202779	1987.219779	2
1987.240779	1987.483779	1
1987.489779	1987.506779	2
1987.511779	1987.556779	2
1987.567779	1987.571779	2
1987.582779	1987.611779	2
1987.651779	1987.656779	2
1987.845779	1987.850779	2
1987.866779	1987.908779	1
1987.923779	1987.932779	1
1988.009779	1988.060779	1
1988.083779	1988.254779	1
1988.257779	1988.374779	1
1988.380779	1988.385779	2
1988.394779	1988.411779	2
1988.421779	1988.640779	1
1988.644779	1988.651779	2
1988.668779	1988.708779	2
1988.711779	1988.718779	2
1988.724779	1988.827779	2
1988.839779	1988.854779	2
1988.870779	1988.874779	2
1988.953779	1988.998779	1
1989.009779	1989.042779	1
1989.055779	1989.058779	2
1989.078779	1989.123779	1
1989.128779	1989.184779	1
1989.203779	1989.322779	1
1989.326779	1989.333779	2
1989.335779	1989.347779	2
1989.358779	1989.380779	2
1989.385779	1989.637779	1
1989.648779	1989.659779	2
1989.663779	1989.766779	2
1989.777779	1989.781779	2
1989.784779	1989.818779	2
1989.948779	1989.953779	2
1989.957779	1990.025779	1
1990.086779	1990.092779	2
1990.111779	1990.117779	2
1990.399779	1990.412779	2
1990.415779	1990.469779	1
1990.561779	1991.035779	1
1991.039779	1991.048779	2
1991.063779	1991.072779	2
1991.074779	1991.099779	2
1991.102779	1991.113779	2
1991.115779	1991.136779	2
1991.154779	1991.292779	1
1991.312779	1991.318779	2
1991.334779	1991.340779	2
1991.351779	1991.609779	1
1991.612779	1991.617779	2
1991.623779	1991.642779	2
1991.682779	1991.691779	2
1991.742779	1991.753779	2
1991.757779	1991.766779	2
1991.769779	1991.774779	2
1991.785779	1991.789779	2
1991.798779	1991.805779	2
1991.818779	1991.829779	2
1991.834779	1991.836779	2
1991.958779	1991.966779	2
1992.027779	1992.032779	2
1992.039779	1992.100779	1
1992.103779	1992.131779	1
1992.134779	1992.147779	1
1992.165779	1992.205779	1
1992.273779	1992.325779	1
1992.329779	1992.381779	1
1992.388779	1992.399779	1
1992.403779	1992.416779	1
1992.464779	1992.468779	2
1992.481779	1992.496779	1
1992.506779	1992.545779	1
1992.610779	1992.827779	1
1992.829779	1992.856779	1
1992.866779	1992.871779	2
1992.883779	1992.887779	2
1992.896779	1992.902779	2
1992.908779	1992.962779	2
1992.964779	1992.982779	2
1992.987779	1993.003779	2
1993.313779	1993.612779	1
1993.638779	1993.646779	2
1993.649779	1993.677779	2
1993.679779	1993.693779	2
1993.699779	1993.717779	2
1993.721779	1993.914779	1
1993.918779	1993.942779	1
1993.945779	1993.981779	1
1994.285779	1994.289779	2
1994.303779	1994.309779	2
1994.320779	1994.424779	1
1994.557779	1994.647779	1
1994.660779	1994.972779	1
1995.016779	1995.030779	2
1995.038779	1995.228779	1
1995.231779	1995.285779	1
1995.779779	1995.818779	1
1995.862779	1995.881779	1
1995.886779	1995.922779	1
1995.925779	1996.202779	1
1996.259779	1996.524779	1
1996.575779	1996.593779	2
1996.595779	1996.602779	2
1996.616779	1996.625779	2
1996.631779	1996.663779	2
1996.673779	1996.886779	1
1996.890779	1996.922779	1
1996.958779	1996.988779	2
1996.993779	1997.009779	2
1997.017779	1997.044779	2
1997.058779	1997.120779	2
1997.132779	1997.143779	2
1997.146779	1997.152779	2
1997.162779	1997.166779	2
1997.253779	1997.257779	2
1997.260779	1997.266779	2
1997.268779	1997.298779	1
1997.307779	1997.325779	1
1997.339779	1997.355779	1
1997.373779	1997.408779	1
1997.465779	1997.678779	1
1997.769779	1997.972779	1
1997.974779	1997.997779	1
1998.035779	1998.042779	2
1998.051779	1998.056779	2
1998.062779	1998.070779	2
1998.707779	1998.711779	2
1998.716779	1998.794779	1
1998.826779	1998.832779	2
1998.854779	1998.874779	2
1998.883779	1998.892779	2
1998.897779	1998.946779	2
1998.950779	1999.004779	2
1999.013779	1999.025779	2
1999.031779	1999.036779	2
1999.071779	1999.123779	1
1999.217779	1999.652779	1
2000.059779	2000.068779	2
2000.073779	2000.090779	2
2000.092779	2000.098779	2
2000.100779	2000.331779	1
2000.336779	2000.350779	2
2000.366779	2000.436779	1
2000.441779	2000.448779	2
2000.468779	2000.514779	2
2000.521779	2000.538779	2
2000.541779	2000.565779	2
2000.567779	2000.617779	2
2000.640779	2000.653779	2
2000.655779	2000.664779	2
2000.680779	2000.841779	1
2000.844779	2000.865779	1
2000.868779	2000.921779	1
2000.938779	2000.945779	2
2000.953779	2000.963779	2
2001.012779	2001.058779	2
2001.080779	2001.099779	2
2001.116779	2001.123779	2
2001.143779	2001.163779	2
2001.168779	2001.184779	2
2001.221779	2001.228779	2
2001.328779	2001.448779	1
2001.450779	2001.454779	2
2001.528779	2001.700779	1
2001.747779	2001.755779	2
2001.763779	2001.886779	1
2001.952779	2002.151779	1
2002.156779	2002.181779	1
2002.254779	2002.265779	2
2002.304779	2002.316779	2
2002.660779	2002.665779	2
2002.672779	2002.740779	1
2002.833779	2003.212779	1
2003.582779	2003.588779	2
2003.601779	2003.655779	1
2003.660779	2003.664779	2
2003.675779	2003.693779	1
2003.703779	2003.725779	1
2003.778779	2003.825779	1
2003.838779	2003.885779	1
2003.921779	2003.925779	2
2003.934779	2003.966779	1
2004.043779	2004.212779	1
2004.216779	2004.259779	1
2004.320779	2004.324779	2
2004.381779	2004.421779	2
2004.433779	2004.438779	2
2004.441779	2004.466779	2
2004.476779	2004.483779	2
2004.486779	2004.494779	2
2004.516779	2004.522779	2
2004.530779	2004.537779	2
2004.654779	2004.661779	2
2004.707779	2004.719779	2
2004.723779	2004.824779	1
2004.828779	2004.835779	2
2004.912779	2005.028779	1
2005.033779	2005.061779	1
2005.248779	2005.250779	2
2005.296779	2005.374779	1
2005.382779	2005.421779	1
2005.424779	2005.428779	1
2005.437779	2005.441779	2
2005.458779	2005.462779	2
2005.509779	2005.676779	1
2005.703779	2005.773779	1
2005.824779	2005.827779	2
2005.840779	2005.998779	1
2006.001779	2006.030779	1
2006.073779	2006.147779	2
2006.150779	2006.235779	2
2006.243779	2006.256779	2
2006.258779	2006.292779	2
2006.296779	2006.404779	2
2006.411779	2006.417779	2
2006.423779	2006.556779	1
2006.558779	2006.649779	2
2006.651779	2006.761779	2
2006.766779	2006.805779	2
2006.810779	2006.814779	2
2006.819779	2006.822779	2
2006.830779	2006.911779	1
2006.915779	2007.023779	1
2007.083779	2007.096779	2
2007.101779	2007.243779	1
2007.349779	2007.360779	2
2007.396779	2007.643779	1
2007.683779	2007.686779	2
2007.758779	2007.964779	1
2007.966779	2007.996779	1
2008.333779	2008.345779	2
2008.347779	2008.356779	2
2008.362779	2008.370779	2
2008.384779	2008.410779	2
2008.478779	2008.483779	2
2008.486779	2008.553779	1
2008.557779	2008.620779	1
2008.628779	2008.645779	1
2008.728779	2008.813779	1
2008.817779	2008.862779	1
2008.954779	2009.114779	1
2010.868959	2010.950959	1
2010.956959	2010.960959	2
2011.050959	2011.146959	1
2011.148959	2011.434959	1
2011.710959	2011.713959	2
2011.723959	2011.844959	1
2012.022959	2012.026959	2
2012.062959	2012.269959	2
2012.278959	2012.365959	2
2012.375959	2012.396959	2
2012.398959	2012.407959	2
2012.415959	2012.431959	2
2012.451959	2012.471959	2
2012.477959	2012.547959	2
2012.651959	2012.658959	2
2012.696959	2012.733959	2
2012.945959	2013.120959	1
2013.179959	2013.191959	2
2013.209959	2013.214959	2
2013.231959	2013.263959	2
2013.270959	2013.303959	2
2013.307959	2013.318959	2
2013.320959	2013.369959	2
2013.385959	2013.418959	2
2013.431959	2013.482959	1
2013.485959	2013.505959	2
2013.519959	2013.603959	1
2013.607959	2013.613959	2
2013.619959	2013.625959	2
2013.645959	2013.650959	2
2013.664959	2013.668959	2
2013.670959	2013.683959	2
2013.711959	2013.743959	2
2013.747959	2013.749959	2
2013.757959	2013.762959	2
2013.771959	2013.775959	2
2013.777959	2013.779959	2
2013.788959	2013.803959	2
2013.807959	2013.810959	2
2013.818959	2013.828959	2
2013.875959	2013.896959	2
2013.910959	2013.914959	2
2013.923959	2013.929959	2
2013.936959	2013.966959	2
2013.985959	2014.004959	2
2014.010959	2014.013959	2
2014.020959	2014.032959	2
2014.073959	2014.337959	1
2014.472959	2014.618959	1
2029.062908	2029.065908	2
2029.072908	2029.242908	1
2029.429908	2029.433908	2
2029.437908	2029.586908	1
2029.588908	2029.602908	2
2031.640469	2031.892469	1
2032.135469	2032.211469	1
2032.454469	2032.534469	1
2032.801469	2032.935469	1
2033.121469	2033.127469	2
2033.132469	2033.205469	2
2033.214469	2033.241469	2
2033.277469	2033.461469	2
2033.467469	2033.500469	2
2033.530469	2033.542469	2
2033.553469	2033.762469	1
2034.074469	2034.077469	2
2034.088469	2034.137469	1
2034.191469	2034.253469	1
2034.305469	2034.364469	1
2034.798469	2034.966469	1
2035.140469	2035.148469	2
2035.165469	2035.199469	2
2035.210469	2035.231469	2
2035.289469	2035.294469	2
2035.302469	2035.369469	1
2035.388469	2035.470469	1
2035.535469	2035.586469	1
2036.346469	2036.524469	1
2036.526469	2036.583469	1
2036.777469	2036.879469	1
2036.994469	2037.124469	1
2037.351469	2037.482469	2
2037.484469	2037.522469	2
2037.543469	2037.638469	2
2037.705469	2037.716469	2
2037.912469	2037.921469	2
2037.938469	2037.948469	2
2037.974469	2037.983469	2
2038.050469	2038.055469	2
2038.129469	2038.137469	2
2038.142469	2038.158469	2
2038.161469	2038.200469	2
2038.214469	2038.233469	2
2038.240469	2038.253469	2
2038.263469	2038.266469	2
2038.277469	2038.288469	2
2038.329469	2038.332469	2
2038.356469	2038.359469	2
2038.476469	2038.531469	2
2038.539469	2038.589469	2
2038.595469	2038.638469	2
2038.642469	2038.648469	2
2038.658469	2038.662469	2
2038.675469	2038.692469	2
2038.716469	2038.720469	2
2038.728469	2038.735469	2
2038.740469	2038.755469	2
2038.783469	2038.792469	2
2038.816469	2038.822469	2
2038.866469	2038.871469	2
2038.894469	2038.910469	2
2038.918469	2038.984469	1
2039.047469	2039.274469	1
2039.422469	2039.428469	2
2039.430469	2039.482469	1
2039.486469	2039.499469	1
2039.509469	2039.612469	1
2039.790469	2039.897469	1
2040.006469	2040.152469	1
2040.359469	2040.677469	1
2040.688469	2040.696469	2
2040.856469	2040.861469	2
2040.865469	2040.915469	1
2041.171469	2041.239469	1
2041.767469	2041.937469	2
2041.939469	2041.945469	2
2041.947469	2042.024469	2
2042.027469	2042.031469	2
2042.049469	2042.063469	2
2042.070469	2042.148469	2
2042.246469	2042.264469	2
2042.568469	2042.575469	2
2042.585469	2042.738469	1
2042.742469	2042.777469	1
2043.028469	2043.187469	1
2043.189469	2043.297469	1
2043.645469	2043.909469	1
2044.008469	2044.081469	1
2044.090469	2044.093469	2
2044.188469	2044.501469	1
2044.753469	2044.756469	2
2044.760469	2044.903469	1
2044.991469	2044.996469	2
2045.002469	2045.043469	1
2045.052469	2045.060469	2
2045.255469	2045.348469	1
2045.685469	2046.163469	1
2046.291469	2046.295469	2
2046.297469	2046.445469	1
2046.494469	2046.504469	2
2046.509469	2046.560469	1
2046.563469	2046.573469	2
2046.629469	2046.719469	1
2046.761469	2046.779469	1
2046.784469	2046.788469	2
2047.033469	2047.037469	2
2047.039469	2047.056469	2
2047.062469	2047.090469	1
2047.094469	2047.297469	1
2047.429469	2047.668469	1
2047.760469	2047.768469	2
2047.775469	2047.798469	1
2047.869469	2047.873469	2
2047.889469	2047.929469	1
2047.987469	2048.023469	1
2048.044469	2048.054469	1
2048.073469	2048.085469	1
2048.087469	2048.100469	1
2048.121469	2048.132469	1
2048.134469	2048.147469	1
2048.170469	2048.206469	1
2048.345469	2048.429469	2
2048.437469	2048.440469	2
2048.443469	2048.493469	2
2048.508469	2048.552469	2
2048.562469	2048.568469	2
2048.579469	2048.703469	1
2048.781469	2048.798469	1
2048.803469	2048.891469	1
2048.969469	2048.987469	2
2048.998469	2049.048469	2
2049.051469	2049.084469	2
2049.135469	2049.141469	2
2049.146469	2049.155469	2
2049.158469	2049.163469	2
2049.171469	2049.183469	2
2049.185469	2049.219469	2
2049.255469	2049.300469	2
2049.308469	2049.356469	2
2049.370469	2049.399469	2
2049.417469	2049.445469	1
2049.448469	2049.483469	2
2049.498469	2049.526469	2
2049.534469	2049.561469	1
2049.600469	2049.612469	2
2049.622469	2049.711469	2
2049.776469	2049.791469	2
2049.802469	2049.897469	1
2049.967469	2049.990469	1
2049.993469	2050.008469	1
2050.034469	2050.073469	1
2050.134469	2050.157469	1
2050.207469	2050.245469	1
2050.251469	2050.282469	1
2050.285469	2050.310469	1
2050.333469	2050.365469	1
2050.444469	2050.589469	1
2050.671469	2050.675469	2
2050.685469	2050.715469	1
2050.821469	2050.966469	1
2051.242469	2051.325469	1
2051.399469	2051.454469	1
2051.456469	2051.567469	1
2051.634469	2051.640469	2
2051.646469	2051.793469	1
2051.802469	2051.805469	2
2051.943469	2052.063469	1
2052.065469	2052.096469	1
2052.098469	2052.271469	1
2052.277469	2052.371469	1
2052.374469	2052.414469	1
2052.507469	2052.549469	2
2052.560469	2052.622469	2
2052.653469	2052.656469	2
2052.666469	2052.748469	1
2052.758469	2052.941469	1
2052.977469	2052.984469	2
2052.991469	2053.021469	1
2053.081469	2053.144469	1
2053.219469	2053.378469	1
2053.390469	2053.395469	2
2053.400469	2053.404469	2
2053.419469	2053.426469	2
2053.451469	2053.486469	1
2053.509469	2053.528469	2
2053.539469	2053.734469	1
2053.741469	2053.774469	1
2053.840469	2053.847469	2
2053.886469	2053.922469	2
2053.930469	2054.001469	2
2054.005469	2054.015469	2
2054.020469	2054.038469	2
2054.041469	2054.106469	2
2054.108469	2054.268469	1
2054.270469	2054.294469	1
2054.300469	2054.305469	2
2054.337469	2054.358469	2
2054.362469	2054.380469	2
2054.394469	2054.421469	2
2054.424469	2054.447469	2
2054.453469	2054.492469	2
2054.509469	2054.515469	2
2054.520469	2054.538469	2
2054.543469	2054.572469	2
2054.590469	2054.612469	2
2054.706469	2054.712469	2
2054.724469	2054.729469	2
2054.737469	2054.760469	1
2054.806469	2054.808469	2
2054.820469	2054.843469	1
2054.856469	2054.869469	1
2054.888469	2054.894469	2
2054.922469	2054.971469	1
2054.982469	2055.024469	1
2055.058469	2055.062469	2
2055.071469	2055.112469	1
2055.120469	2055.132469	1
2055.135469	2055.150469	1
2055.154469	2055.165469	1
2055.169469	2055.178469	1
2055.203469	2055.235469	1
2055.299469	2055.444469	1
2055.595469	2055.622469	1
2055.627469	2055.700469	1
2055.702469	2055.722469	1
2055.774469	2055.779469	2
2055.781469	2055.785469	2
2055.793469	2055.966469	1
2055.973469	2055.977469	2
2055.982469	2056.215469	1
2056.217469	2056.258469	1
2056.577469	2056.650469	1
2056.653469	2056.702469	1
2056.759469	2056.785469	1
2056.787469	2056.790469	2
2056.838469	2056.878469	1
2056.889469	2056.897469	1
2056.903469	2056.912469	1
2056.935469	2056.946469	1
2056.948469	2056.964469	1
2057.093469	2057.225469	1
2057.239469	2057.242469	2
2057.250469	2057.260469	2
2057.274469	2057.301469	1
2057.352469	2057.358469	2
2057.372469	2057.409469	1
2057.418469	2057.485469	1
2057.518469	2057.568469	1
2057.572469	2057.756469	1
2057.801469	2057.816469	2
2057.833469	2057.855469	2
2057.858469	2057.861469	2
2057.880469	2057.914469	2
2057.932469	2057.936469	2
2058.180469	2058.234469	1
2058.238469	2058.326469	1
2058.369469	2058.374469	2
2058.382469	2058.439469	1
2058.444469	2058.510469	1
2058.561469	2058.578469	1
2058.583469	2058.596469	1
2058.598469	2058.621469	1
2058.722469	2058.883469	1
2058.923469	2058.931469	2
2058.936469	2058.962469	2
2058.982469	2058.994469	2
2058.999469	2059.002469	2
2059.012469	2059.023469	2
2059.036469	2059.194469	1
2059.198469	2059.231469	1
2059.277469	2059.287469	2
2059.293469	2059.317469	2
2059.339469	2059.345469	2
2059.351469	2059.400469	2
2059.402469	2059.452469	2
2059.463469	2059.474469	2
2059.479469	2059.511469	2
2059.513469	2059.516469	2
2059.532469	2059.567469	2
2059.644469	2059.649469	2
2059.660469	2059.690469	1
2059.695469	2059.716469	1
2059.808469	2059.831469	1
2059.837469	2059.853469	1
2059.874469	2059.930469	1
2059.944469	2059.974469	1
2059.976469	2059.990469	1
2059.994469	2060.004469	1
2060.007469	2060.030469	1
2060.050469	2060.080469	1
2060.136469	2060.264469	1
2060.473469	2060.636469	1
2060.653469	2060.657469	1
2060.766469	2060.773469	2
2061.170469	2061.174469	2
2061.183469	2061.191469	2
2061.195469	2061.264469	1
2061.347469	2061.656469	1
2061.661469	2061.764469	1
2061.774469	2061.900469	1
2062.174469	2062.180469	2
2062.187469	2062.201469	2
2062.207469	2062.367469	1
2062.445469	2062.588469	1
2062.914469	2062.922469	2
2062.926469	2062.940469	2
2062.944469	2062.971469	2
2062.978469	2062.985469	2
2062.988469	2063.159469	1
2063.168469	2063.172469	2
2063.472469	2063.624469	1
2063.880469	2064.009469	2
2064.015469	2064.037469	2
2064.042469	2064.148469	2
2064.151469	2064.154469	2
2064.157469	2064.349469	1
2064.359469	2064.380469	1
2064.389469	2064.394469	2
2064.512469	2064.516469	2
2064.518469	2064.743469	1
2064.782469	2064.786469	2
2064.798469	2065.047469	1
2065.281469	2065.287469	2
2065.292469	2065.380469	1
2065.443469	2065.736469	1
2065.740469	2065.798469	1
2065.881469	2065.886469	2
2065.899469	2065.920469	1
2065.926469	2066.077469	1
2066.092469	2066.102469	1
2066.108469	2066.112469	2
2066.336469	2066.553469	2
2066.582469	2066.609469	2
2066.612469	2066.615469	2
2066.635469	2066.661469	2
2066.663469	2066.695469	2
2066.730469	2066.740469	2
2066.748469	2066.784469	1
2066.787469	2066.955469	1
2066.958469	2067.005469	1
2067.010469	2067.017469	2
2067.306469	2067.352469	1
2067.536469	2067.686469	1
2067.737469	2067.741469	2
2067.744469	2067.756469	2
2067.815469	2067.818469	2
2067.825469	2067.915469	1
2068.051469	2068.128469	1
2068.164469	2068.170469	2
2068.194469	2068.201469	2
2068.210469	2068.218469	2
2068.220469	2068.277469	1
2068.345469	2068.489469	1
2068.554469	2068.569469	2
2068.589469	2068.596469	2
2068.685469	2068.693469	2
2068.696469	2068.714469	2
2068.720469	2068.813469	2
2068.831469	2068.861469	2
2068.877469	2068.996469	2
2069.068469	2069.073469	2
2069.091469	2069.288469	1
2069.293469	2069.315469	1
2069.318469	2069.346469	1
2069.581469	2069.588469	2
2069.596469	2069.703469	1
2069.747469	2069.757469	2
2069.810469	2069.822469	2
2069.824469	2069.827469	2
2070.185469	2070.188469	2
2070.195469	2070.260469	1
2070.327469	2070.330469	2
2070.345469	2070.622469	1
2070.835469	2070.838469	2
2070.841469	2070.844469	2
2070.848469	2070.917469	1
2071.112469	2071.117469	2
2071.199469	2071.235469	2
2071.240469	2071.407469	1
2071.577469	2071.581469	2
2071.588469	2071.644469	1
2071.687469	2071.758469	1
2071.831469	2071.844469	2
2071.954469	2071.958469	2
2071.963469	2072.060469	2
2072.069469	2072.172469	2
2072.174469	2072.406469	1
2072.409469	2072.414469	2
2072.489469	2072.495469	2
2072.509469	2072.569469	2
2072.588469	2072.592469	2
2072.660469	2072.667469	2
2072.700469	2072.787469	1
2075.071823	2075.164823	1
2075.228823	2075.456823	1
2075.631823	2075.759823	1
2075.869823	2075.954823	1
2076.087823	2076.140823	1
2076.277823	2076.423823	1
2076.555823	2076.698823	1
2077.204823	2077.209823	2
2077.217823	2077.220823	2
2077.225823	2077.369823	1
2077.371823	2077.403823	1
2077.520823	2077.528823	2
2077.531823	2077.784823	1
2077.858823	2078.090823	1
2078.094823	2078.102823	2
2078.385823	2078.524823	1
2078.567823	2078.577823	2
2078.580823	2078.722823	1
2080.351287	2080.538287	1
2080.540287	2080.575287	1
2080.747287	2080.974287	1
2081.063287	2081.066287	2
2081.074287	2081.099287	1
2081.105287	2081.125287	1
2081.143287	2081.179287	1
2081.244287	2081.269287	1
2081.342287	2081.345287	2
2081.364287	2081.393287	1
2082.035961	2082.041961	2
2082.044961	2082.211961	1
2082.214961	2082.266961	1
2082.442961	2082.530961	1
2082.538961	2082.544961	2
2082.552961	2082.560961	2
2082.587961	2082.591961	2
2082.633961	2082.726961	2
2082.732961	2082.740961	2
2082.742961	2082.781961	2
2082.798961	2082.858961	2
2082.862961	2082.866961	2
2082.873961	2082.886961	2
2082.890961	2082.998961	1
2083.002961	2083.021961	1
2083.034961	2083.040961	2
2083.069961	2083.079961	2
2083.083961	2083.086961	2
2083.100961	2083.104961	2
2083.110961	2083.149961	2
2083.152961	2083.157961	2
2083.173961	2083.210961	2
2083.226961	2083.413961	1
2083.482961	2083.493961	2
2083.512961	2083.555961	2
2083.561961	2083.614961	2
2083.638961	2083.649961	2
2083.651961	2083.689961	2
2083.696961	2083.702961	2
2083.708961	2083.750961	2
2083.765961	2083.777961	2
2083.783961	2083.816961	2
2083.823961	2083.834961	2
2083.878961	2083.897961	1
2083.903961	2083.914961	2
2083.947961	2083.949961	2
2083.970961	2084.014961	1
2084.061961	2084.087961	1
2084.146961	2084.169961	1
2084.209961	2084.226961	2
2084.229961	2084.277961	1
2084.295961	2084.314961	1
2084.629961	2084.641961	2
2084.645961	2084.679961	1
2084.684961	2084.738961	1
2084.742961	2084.750961	2
2084.779961	2084.784961	2
2084.904961	2084.968961	1
2084.996961	2084.998961	1
2085.008961	2085.031961	1
2085.036961	2085.041961	1
2085.050961	2085.054961	1
2085.058961	2085.077961	1
2085.158961	2085.183961	1
2085.187961	2085.311961	1
2085.550961	2085.766961	1
2085.771961	2085.847961	1
2085.904961	2085.943961	1
2085.965961	2086.062961	1
2086.117961	2086.121961	2
2086.129961	2086.360961	1
2086.574961	2086.687961	1
2086.766961	2086.904961	1
2087.086961	2087.113961	2
2087.118961	2087.154961	2
2087.695961	2087.892961	1
2087.901961	2087.928961	1
2088.009961	2088.151961	1
2088.282961	2088.347961	1
2088.353961	2088.363961	2
2088.693961	2088.699961	2
2088.703961	2088.708961	2
2088.713961	2088.870961	1
2089.031961	2089.188961	1
2089.302961	2089.417961	1
2089.825961	2089.834961	2
2089.845961	2089.964961	1
2089.966961	2089.976961	1
2089.979961	2089.987961	1
2089.991961	2090.017961	1
2090.046961	2090.049961	2
2090.072961	2090.173961	1
2090.904961	2091.095961	1
2091.278961	2091.430961	1
2091.642961	2091.652961	2
2091.657961	2091.766961	1
2091.898961	2091.904961	2
2091.932961	2092.029961	1
2092.040961	2092.046961	2
2092.076961	2092.104961	2
2092.119961	2092.153961	1
2092.163961	2092.169961	2
2092.172961	2092.183961	2
2092.188961	2092.222961	1
2092.227961	2092.234961	2
2092.237961	2092.241961	2
2092.293961	2092.482961	1
2092.489961	2092.498961	2
2092.503961	2092.555961	1
2092.565961	2092.573961	2
2092.577961	2092.594961	2
2092.616961	2092.649961	2
2092.675961	2092.681961	2
2092.684961	2092.719961	2
2092.727961	2092.765961	1
2092.980961	2093.061961	1
2093.123961	2093.126961	2
2093.133961	2093.218961	1
2093.221961	2093.462961	1
2093.646961	2093.671961	1
2093.780961	2093.789961	2
2093.799961	2093.903961	1
2094.007961	2094.101961	1
2094.456961	2094.607961	1
2094.636961	2094.683961	1
2094.763961	2094.788961	1
2094.799961	2094.811961	2
2094.837961	2094.861961	1
2094.907961	2094.911961	2
2094.928961	2094.952961	1
2095.012961	2095.025961	1
2095.031961	2095.039961	1
2095.115961	2095.149961	1
2095.152961	2095.162961	1
2095.164961	2095.177961	1
2095.290961	2095.491961	1
2095.531961	2095.567961	2
2095.583961	2095.592961	2
2095.596961	2095.599961	2
2095.609961	2095.808961	1
2095.813961	2095.839961	1
2095.973961	2095.986961	2
2095.989961	2095.994961	2
2095.996961	2096.000961	2
2096.018961	2096.024961	2
2096.029961	2096.044961	2
2096.047961	2096.050961	2
2096.078961	2096.081961	2
2096.164961	2096.227961	1
2096.551961	2096.638961	1
2096.739961	2097.097961	1
2097.113961	2097.242961	1
2097.436961	2097.505961	1
2097.523961	2097.527961	2
2097.604961	2097.723961	1
2097.899961	2097.903961	2
2097.946961	2097.950961	2
2097.962961	2098.110961	1
2098.209961	2098.373961	1
2098.381961	2098.498961	1
2098.586961	2098.624961	1
2098.671961	2098.698961	1
2098.722961	2098.728961	2
2098.747961	2098.786961	1
2098.790961	2098.793961	2
2098.836961	2099.000961	1
2099.146961	2099.152961	2
2099.182961	2099.346961	1
2099.349961	2099.391961	1
2099.508961	2099.538961	2
2099.559961	2099.566961	2
2099.575961	2099.588961	2
2099.605961	2099.612961	2
2100.091961	2100.117961	1
2100.122961	2100.126961	2
2100.131961	2100.136961	2
2100.251961	2100.334961	1
2100.347961	2100.481961	1
2100.572961	2100.574961	2
2100.586961	2100.749961	1
2100.773961	2100.847961	2
2100.853961	2100.862961	2
2100.886961	2100.891961	2
2100.910961	2101.036961	1
2101.095961	2101.098961	2
2101.109961	2101.120961	2
2102.053961	2102.092961	1
2102.107961	2102.131961	1
2102.252961	2102.610961	1
2103.196961	2103.275961	1
2103.277961	2103.423961	1
2104.115961	2104.304961	1
2107.067377	2107.163377	1
2107.262377	2107.265377	2
2107.275377	2107.318377	1
2107.323377	2107.331377	1
2107.336377	2107.347377	1
2107.351377	2107.361377	1
2107.370377	2107.380377	1
2107.384377	2107.396377	1
2107.480377	2107.603377	1
2107.605377	2107.624377	1
2107.738377	2107.747377	2
2107.753377	2107.770377	2
2107.786377	2107.826377	2
2107.832377	2107.873377	2
2107.882377	2107.930377	1
2107.951377	2108.056377	1
2109.240082	2109.321082	1
2109.438082	2109.496082	1
2109.504082	2109.762082	1
2109.835082	2109.837082	2
2109.854082	2109.883082	1
2109.996082	2110.030082	1
2110.090082	2110.277082	1
2110.750183	2110.783183	1
2110.816183	2110.820183	2
2110.904183	2110.942183	1
2110.966183	2111.007183	1
2111.069183	2111.092183	1
2111.187183	2111.220183	1
2111.222183	2111.232183	2
2111.239183	2111.245183	2
2111.414183	2111.428183	2
2111.430183	2111.460183	1
2111.477183	2111.525183	1
2111.532183	2111.652183	1
2111.799183	2112.048183	1
2112.357183	2112.378183	1
2112.468183	2112.496183	1
2112.664183	2112.667183	2
2112.672183	2112.677183	2
2112.752183	2112.856183	1
2112.940183	2113.173183	1
2113.178183	2113.300183	1
2113.554183	2113.747183	1
2113.749183	2113.784183	1
2113.929183	2114.004183	1
2114.006183	2114.016183	2
2114.041183	2114.054183	2
2114.326183	2114.335183	1
2114.337183	2114.389183	1
2114.395183	2114.536183	1
2114.544183	2114.552183	2
2114.614183	2114.617183	2
2114.940183	2115.057183	1
2115.098183	2115.101183	2
2115.116183	2115.234183	1
2115.251183	2115.354183	1
2115.421183	2115.444183	1
2115.502183	2115.514183	2
2115.522183	2115.784183	1
2115.786183	2115.844183	1
2115.903183	2115.906183	2
2115.915183	2115.935183	1
2116.036183	2116.063183	1
2116.118183	2116.142183	1
2116.184183	2116.189183	2
2116.204183	2116.456183	1
2116.507183	2116.527183	2
2116.575183	2116.580183	2
2116.583183	2116.588183	2
2116.599183	2116.608183	2
2116.620183	2116.689183	1
2116.693183	2116.703183	2
2116.875183	2116.892183	2
2116.894183	2117.010183	1
2117.012183	2117.078183	1
2117.156183	2117.188183	1
2117.266183	2117.550183	1
2117.583183	2117.675183	1
2117.971183	2118.082183	1
2118.159183	2118.302183	1
2118.310183	2118.397183	1
2118.556183	2118.741183	1
2118.766183	2118.884183	1
2118.989183	2119.014183	1
2119.058183	2119.062183	2
2119.077183	2119.128183	1
2119.170183	2119.184183	1
2119.186183	2119.205183	1
2119.264183	2119.496183	1
2119.501183	2119.613183	1
2119.637183	2119.719183	1
2119.892183	2119.934183	1
2119.980183	2119.986183	2
2120.001183	2120.006183	2
2120.009183	2120.095183	1
2120.097183	2120.194183	1
2120.210183	2120.315183	1
2120.360183	2120.451183	1
2120.521183	2120.544183	1
2120.551183	2120.566183	1
2120.586183	2120.600183	1
2120.823183	2120.829183	2
2120.841183	2121.033183	1
2121.036183	2121.257183	1
2121.286183	2121.319183	2
2121.323183	2121.328183	2
2121.332183	2121.335183	2
2121.390183	2121.397183	2
2121.400183	2121.513183	1
2121.515183	2121.788183	1
2121.790183	2121.822183	1
2121.887183	2121.894183	2
2121.904183	2121.924183	1
2121.973183	2122.006183	1
2122.066183	2122.075183	2
2122.092183	2122.100183	2
2122.103183	2122.274183	1
2122.276183	2122.412183	1
2122.423183	2122.428183	2
2122.437183	2122.491183	1
2122.493183	2122.522183	1
2122.679183	2122.689183	2
2122.697183	2122.746183	1
2122.796183	2122.802183	2
2122.813183	2122.821183	2
2122.825183	2122.827183	2
2122.833183	2123.011183	1
2123.019183	2123.080183	1
2123.179183	2123.184183	2
2123.186183	2123.247183	1
2123.250183	2123.266183	2
2123.292183	2123.295183	2
2123.339183	2123.535183	1
2123.538183	2123.716183	1
2123.797183	2123.811183	2
2123.823183	2123.904183	1
2123.913183	2123.924183	2
2123.973183	2124.216183	1
2124.219183	2124.225183	2
2124.255183	2124.265183	2
2124.269183	2124.282183	2
2124.319183	2124.352183	2
2124.354183	2124.420183	2
2124.497183	2124.509183	2
2124.519183	2124.533183	2
2124.563183	2124.569183	2
2124.585183	2124.592183	2
2124.613183	2124.776183	1
2124.797183	2124.804183	2
2124.838183	2124.921183	1
2124.975183	2124.984183	2
2124.989183	2125.162183	1
2125.186183	2125.243183	2
2125.251183	2125.287183	1
2125.291183	2125.297183	2
2125.302183	2125.321183	2
2125.326183	2125.342183	2
2125.354183	2125.547183	1
2125.581183	2125.585183	2
2125.588183	2125.635183	2
2125.638183	2125.653183	2
2125.658183	2125.686183	2
2125.688183	2125.743183	2
2125.745183	2125.872183	2
2125.883183	2125.899183	2
2125.909183	2125.954183	2
2125.961183	2125.965183	2
2125.969183	2126.007183	2
2126.013183	2126.031183	2
2126.044183	2126.055183	2
2126.075183	2126.109183	1
2126.173183	2126.191183	1
2126.209183	2126.219183	2
2126.239183	2126.310183	2
2126.317183	2126.332183	2
2126.334183	2126.405183	2
2126.409183	2126.432183	2
2126.485183	2126.643183	1
2126.673183	2126.678183	2
2126.688183	2126.694183	2
2126.702183	2126.729183	1
2126.733183	2126.819183	1
2126.917183	2126.927183	2
2126.931183	2126.937183	2
2126.939183	2127.178183	1
2127.255183	2127.259183	2
2127.438183	2127.441183	2
2127.454183	2127.684183	1
2127.767183	2127.784183	2
2127.793183	2128.067183	1
2128.322183	2128.331183	2
2128.339183	2128.409183	1
2128.421183	2128.462183	1
2128.467183	2128.614183	1
2128.628183	2128.748183	1
2128.761183	2128.765183	2
2128.802183	2128.812183	2
2128.831183	2129.066183	1
2129.435183	2129.442183	2
2129.446183	2129.513183	1
2129.535183	2129.648183	1
2129.656183	2129.751183	1
2129.755183	2129.924183	1
2129.975183	2129.988183	2
2129.996183	2129.999183	2
2130.022183	2130.025183	2
2130.030183	2130.079183	2
2130.092183	2130.113183	2
2130.200183	2130.202183	2
2130.213183	2130.219183	2
2130.221183	2130.484183	1
2130.508183	2130.515183	2
2130.521183	2130.532183	2
2130.650183	2130.656183	2
2130.686183	2130.689183	2
2130.696183	2130.786183	1
2130.890183	2130.895183	2
2130.916183	2130.948183	2
2130.951183	2130.965183	2
2130.971183	2130.978183	2
2130.980183	2131.017183	2
2131.066183	2131.071183	2
2131.074183	2131.083183	2
2131.125183	2131.130183	2
2131.143183	2131.355183	1
2131.718183	2131.724183	2
2131.755183	2131.766183	2
2131.783183	2131.961183	1
2131.972183	2131.979183	2
2131.992183	2132.008183	2
2132.010183	2132.030183	2
2132.033183	2132.036183	2
2132.070183	2132.080183	2
2132.096183	2132.105183	2
2132.114183	2132.127183	2
2132.254183	2132.259183	2
2132.320183	2132.339183	2
2132.343183	2132.371183	1
2132.480183	2132.518183	1
2132.525183	2132.711183	1
2132.717183	2132.861183	1
2132.886183	2132.898183	2
2132.913183	2132.952183	1
2132.963183	2132.969183	2
2133.001183	2133.260183	1
2133.398183	2133.425183	2
2133.456183	2133.461183	2
2133.540183	2133.577183	1
2133.591183	2133.608183	1
2133.619183	2133.687183	1
2133.889183	2133.894183	2
2133.942183	2134.155183	1
2134.160183	2134.163183	2
2134.197183	2134.201183	2
2134.348183	2134.357183	2
2134.386183	2134.398183	2
2134.444183	2134.455183	2
2134.460183	2134.594183	1
2134.660183	2134.696183	1
2134.699183	2134.778183	1
2134.823183	2134.826183	2
2134.832183	2134.864183	1
2134.868183	2134.871183	2
2134.934183	2135.117183	1
2135.454183	2135.657183	1
2135.663183	2135.697183	1
2136.011183	2136.017183	2
2136.022183	2136.048183	1
2136.060183	2136.072183	1
2136.165183	2136.424183	1
2136.431183	2136.442183	2
2136.444183	2136.449183	2
2136.472183	2136.493183	2
2136.510183	2136.592183	2
2136.615183	2136.620183	2
2136.651183	2136.677183	2
2136.725183	2136.732183	2
2136.735183	2136.740183	2
2136.809183	2136.868183	1
2136.870183	2137.025183	1
2137.027183	2137.071183	1
2137.134183	2137.142183	2
2137.160183	2137.370183	1
2137.540183	2137.546183	2
2137.736183	2137.784183	1
2137.872183	2137.943183	1
2137.950183	2138.315183	1
2138.320183	2138.324183	2
2138.333183	2138.396183	2
2138.399183	2138.426183	2
2138.429183	2138.433183	2
2138.443183	2138.471183	2
2138.487183	2138.497183	2
2138.499183	2138.661183	1
2138.671183	2138.674183	2
2138.684183	2138.730183	2
2138.732183	2138.760183	1
2138.767183	2138.773183	2
2138.789183	2138.797183	2
2138.801183	2139.069183	1
2139.129183	2139.138183	2
2139.164183	2139.181183	2
2139.387183	2139.410183	1
2139.423183	2139.436183	1
2139.463183	2139.472183	2
2139.476183	2139.518183	2
2139.537183	2139.540183	2
2139.555183	2139.673183	1
2139.678183	2139.686183	2
2139.699183	2139.710183	2
2139.749183	2139.754183	2
2139.761183	2139.767183	2
2139.933183	2140.148183	1
2140.176183	2140.181183	2
2140.204183	2140.365183	1
2140.380183	2140.393183	2
2140.407183	2140.419183	2
2140.430183	2140.436183	2
2140.441183	2140.491183	2
2140.503183	2140.588183	2
2140.606183	2140.621183	2
2140.624183	2140.630183	2
2140.633183	2140.658183	2
2140.663183	2140.722183	1
2140.725183	2140.767183	1
2140.798183	2140.801183	2
2140.819183	2140.842183	1
2140.845183	2140.854183	2
2140.879183	2140.935183	1
2140.976183	2141.000183	1
2141.005183	2141.050183	2
2141.063183	2141.076183	2
2141.078183	2141.111183	2
2141.117183	2141.161183	2
2141.169183	2141.175183	2
2141.269183	2141.361183	1
2141.368183	2141.413183	2
2141.450183	2141.738183	1
2141.757183	2141.813183	2
2141.817183	2141.843183	2
2141.868183	2141.898183	2
2141.907183	2141.935183	2
2141.937183	2141.959183	2
2141.967183	2141.991183	1
2141.998183	2142.015183	1
2142.022183	2142.029183	2
2142.043183	2142.046183	2
2142.050183	2142.055183	2
2142.121183	2142.125183	2
2142.139183	2142.164183	2
2142.169183	2142.356183	1
2142.448183	2142.458183	2
2142.482183	2142.486183	2
2142.492183	2142.737183	1
2142.769183	2142.962183	1
2143.140183	2143.144183	2
2143.149183	2143.274183	1
2143.291183	2143.303183	2
2143.381183	2143.687183	1
2143.691183	2143.695183	2
2143.708183	2143.730183	2
2143.735183	2143.763183	1
2143.769183	2143.771183	2
2143.821183	2144.061183	1
2144.074183	2144.085183	2
2144.106183	2144.202183	2
2144.232183	2144.299183	2
2144.302183	2144.311183	2
2144.325183	2144.368183	2
2144.378183	2144.400183	2
2144.408183	2144.420183	2
2144.431183	2144.450183	2
2144.534183	2144.559183	2
2144.569183	2144.580183	2
2144.600183	2144.604183	2
2144.646183	2144.650183	2
2144.684183	2144.859183	1
2144.888183	2144.953183	1
2144.960183	2145.203183	1
2145.205183	2145.317183	2
2145.327183	2145.381183	2
2145.394183	2145.411183	2
2145.486183	2145.505183	1
2145.519183	2145.629183	1
2145.645183	2145.658183	2
2145.679183	2145.707183	2
2145.711183	2145.763183	2
2145.766183	2145.794183	2
2145.797183	2145.867183	2
2145.871183	2145.901183	2
2145.910183	2145.913183	2
2145.916183	2145.963183	2
2145.967183	2145.971183	2
2145.994183	2146.009183	2
2146.022183	2146.074183	1
2146.088183	2146.100183	2
2146.105183	2146.111183	2
2146.142183	2146.155183	2
2146.167183	2146.419183	1
2146.467183	2146.475183	2
2146.484183	2146.623183	1
2146.640183	2146.654183	2
2146.690183	2146.697183	2
2146.866183	2146.871183	2
2146.880183	2146.883183	2
2146.892183	2147.103183	1
2147.105183	2147.125183	2
2147.142183	2147.313183	1
2147.325183	2147.328183	2
2147.330183	2147.333183	2
2147.338183	2147.344183	2
2147.369183	2147.468183	1
2147.510183	2147.519183	2
2147.539183	2147.542183	2
2147.558183	2148.083183	1
2148.094183	2148.212183	1
2148.233183	2148.267183	1
2148.269183	2148.339183	1
2148.353183	2148.443183	2
2148.448183	2148.491183	2
2148.494183	2148.546183	2
2148.548183	2148.586183	2
2148.588183	2148.978183	1
2148.980183	2149.031183	2
2149.035183	2149.059183	2
2149.069183	2149.080183	2
2149.082183	2149.309183	1
2149.319183	2149.352183	2
2149.354183	2149.401183	2
2149.405183	2149.539183	2
2149.551183	2149.560183	2
2149.566183	2149.573183	2
2149.582183	2149.675183	1
2149.679183	2149.711183	2
2149.718183	2149.914183	1
2149.921183	2150.137183	1
2150.139183	2150.165183	1
2150.168183	2150.195183	1
2150.224183	2150.301183	2
2150.307183	2150.400183	2
2150.411183	2150.414183	2
2150.454183	2150.504183	1
2150.514183	2150.537183	1
2150.584183	2150.988183	1
2151.007183	2151.015183	2
2151.019183	2151.037183	2
2151.041183	2151.048183	2
2151.054183	2151.258183	1
2151.269183	2151.275183	2
2151.279183	2151.322183	2
2151.327183	2151.375183	2
2151.377183	2151.384183	2
2151.388183	2151.428183	2
2151.438183	2151.477183	2
2151.483183	2151.487183	2
2151.491183	2151.533183	2
2151.581183	2151.588183	2
2151.605183	2151.658183	1
2151.662183	2151.670183	2
2151.767183	2152.037183	1
2152.092183	2152.098183	2
2152.117183	2152.122183	2
2152.386183	2152.406183	2
2152.410183	2152.414183	2
2152.424183	2152.428183	2
2152.490183	2152.494183	2
2152.514183	2152.561183	1
2152.566183	2152.628183	1
2152.682183	2152.735183	1
2152.738183	2152.745183	2
2152.748183	2152.771183	1
2152.774183	2152.796183	2
2152.819183	2153.033183	1
2153.038183	2153.093183	1
2153.146183	2153.152183	2
2153.155183	2153.164183	2
2153.166183	2153.172183	2
2153.199183	2153.288183	2
2153.290183	2153.326183	2
2153.330183	2153.379183	2
2153.381183	2153.388183	2
2153.433183	2153.440183	2
2153.454183	2153.508183	1
2153.612183	2153.670183	1
2153.684183	2153.781183	1
2153.784183	2154.008183	1
2154.038183	2154.051183	2
2154.069183	2154.272183	1
2154.279183	2154.298183	2
2154.304183	2154.349183	2
2154.366183	2154.388183	2
2154.390183	2154.397183	2
2154.400183	2154.483183	2
2154.486183	2154.494183	2
2154.502183	2154.506183	2
2154.511183	2154.703183	1
2154.707183	2154.734183	1
2154.744183	2154.794183	2
2154.797183	2154.805183	2
2154.816183	2154.875183	1
2154.877183	2154.903183	1
2154.920183	2155.336183	1
2155.375183	2155.411183	2
2155.418183	2155.422183	2
2155.434183	2155.712183	1
2155.727183	2155.733183	2
2155.743183	2155.769183	2
2155.786183	2155.812183	2
2155.815183	2155.820183	2
2155.836183	2155.845183	2
2155.848183	2156.084183	1
2156.137183	2156.142183	2
2156.146183	2156.152183	2
2156.455183	2156.601183	1
2156.620183	2156.630183	2
2156.640183	2156.648183	2
2156.653183	2156.763183	1
2156.765183	2156.800183	1
2156.809183	2156.812183	2
2156.836183	2156.841183	2
2156.844183	2156.869183	2
2156.874183	2156.881183	2
2156.899183	2156.909183	2
2156.935183	2156.940183	2
2156.942183	2156.953183	2
2156.955183	2156.961183	2
2156.968183	2156.988183	2
2156.992183	2157.183183	1
2157.188183	2157.195183	2
2157.237183	2157.267183	2
2157.272183	2157.298183	2
2157.305183	2157.355183	2
2157.357183	2157.431183	2
2157.436183	2157.465183	2
2157.470183	2157.550183	2
2157.579183	2157.590183	2
2157.594183	2157.703183	1
2157.705183	2158.014183	1
2158.019183	2158.043183	1
2158.049183	2158.058183	2
2158.062183	2158.091183	2
2158.099183	2158.127183	2
2158.129183	2158.141183	2
2158.166183	2158.235183	2
2158.240183	2158.258183	2
2158.261183	2158.276183	2
2158.293183	2158.341183	2
2158.356183	2158.392183	2
2158.398183	2158.401183	2
2158.406183	2158.425183	2
2158.428183	2158.498183	2
2158.505183	2158.534183	2
2158.554183	2158.632183	1
2158.653183	2158.658183	2
2158.679183	2158.685183	2
2158.714183	2158.955183	1
2158.960183	2158.964183	2
2158.992183	2158.996183	2
2159.047183	2159.054183	2
2159.075183	2159.098183	2
2159.118183	2159.127183	2
2159.142183	2159.166183	1
2159.206183	2159.214183	2
2159.223183	2159.248183	2
2159.250183	2159.281183	1
2159.284183	2159.311183	1
2159.316183	2159.353183	1
2159.355183	2159.395183	1
2159.408183	2159.414183	2
2159.435183	2159.465183	2
2159.467183	2159.472183	2
2159.477183	2159.491183	1
2159.501183	2159.521183	1
2159.529183	2159.534183	2
2159.626183	2159.704183	1
2159.714183	2159.722183	1
2159.733183	2159.744183	1
2159.746183	2159.779183	1
2159.831183	2159.834183	2
2159.978183	2160.011183	2
2160.018183	2160.025183	2
2160.059183	2160.212183	1
2160.257183	2160.425183	1
2160.429183	2160.453183	1
2160.459183	2160.495183	1
2160.500183	2160.721183	1
2160.754183	2160.774183	2
2160.776183	2160.785183	2
2160.798183	2160.962183	1
2161.076183	2161.450183	1
2161.454183	2161.479183	2
2161.512183	2161.527183	2
2161.533183	2161.549183	2
2161.551183	2161.576183	2
2161.600183	2161.887183	1
2161.912183	2161.943183	2
2161.969183	2161.982183	2
2162.035183	2162.042183	2
2162.081183	2162.085183	2
2162.095183	2162.218183	1
2162.244183	2162.250183	2
2162.256183	2162.325183	2
2162.341183	2162.433183	2
2162.438183	2162.442183	2
2162.446183	2162.457183	2
2162.459183	2162.487183	1
2162.492183	2162.559183	1
2162.561183	2162.606183	2
2162.613183	2162.812183	1
2162.816183	2162.837183	1
2162.839183	2162.843183	2
2162.872183	2162.875183	2
2162.883183	2162.954183	2
2162.961183	2162.985183	2
2162.990183	2163.004183	2
2163.012183	2163.123183	2
2163.134183	2163.352183	1
2163.356183	2163.384183	1
2163.407183	2163.484183	2
2163.487183	2163.490183	2
2163.498183	2163.523183	2
2163.539183	2163.778183	1
2163.783183	2163.807183	1
2163.856183	2164.048183	1
2164.050183	2164.104183	1
2164.150183	2164.155183	2
2164.167183	2164.178183	2
2164.189183	2164.201183	2
2164.204183	2164.207183	2
2164.211183	2164.254183	2
2164.263183	2164.289183	2
2164.293183	2164.300183	2
2164.305183	2164.309183	2
2164.362183	2164.365183	2
2164.371183	2164.379183	2
2164.386183	2164.441183	1
2164.519183	2164.571183	1
2164.585183	2165.030183	1
2165.037183	2165.039183	2
2165.048183	2165.081183	2
2165.086183	2165.090183	2
2165.097183	2165.115183	2
2165.179183	2165.358183	1
2165.366183	2165.372183	2
2165.394183	2165.417183	2
2165.423183	2165.431183	2
2165.445183	2165.449183	2
2165.452183	2165.455183	2
2165.459183	2165.467183	2
2165.472183	2165.477183	2
2165.481183	2165.545183	2
2165.558183	2165.571183	2
2165.580183	2165.584183	2
2165.645183	2165.650183	2
2165.713183	2165.996183	1
2166.011183	2166.015183	2
2166.038183	2166.047183	2
2166.057183	2166.392183	1
2166.487183	2166.495183	2
2166.514183	2166.537183	2
2166.545183	2166.554183	2
2166.558183	2166.638183	2
2166.640183	2166.672183	2
2166.700183	2166.731183	2
2166.790183	2166.860183	1
2166.876183	2166.894183	1
2166.900183	2166.914183	1
2166.997183	2167.059183	1
2167.069183	2167.112183	1
2167.121183	2167.128183	2
2167.137183	2167.141183	2
2167.196183	2167.208183	1
2167.222183	2167.228183	2
2167.237183	2167.258183	1
2167.357183	2167.373183	2
2167.375183	2167.561183	1
2167.588183	2167.662183	1
2167.688183	2167.703183	2
2167.720183	2167.909183	1
2167.912183	2167.966183	1
2167.971183	2168.007183	2
2168.028183	2168.056183	2
2168.093183	2168.126183	2
2168.153183	2168.182183	2
2168.185183	2168.197183	2
2168.322183	2168.427183	1
2168.445183	2168.533183	1
2168.552183	2168.654183	1
2168.665183	2168.678183	2
2168.680183	2168.739183	1
2168.749183	2168.915183	1
2168.927183	2168.949183	2
2168.953183	2169.027183	2
2169.041183	2169.070183	2
2169.201183	2169.207183	2
2169.214183	2169.350183	1
2169.404183	2169.416183	2
2169.420183	2169.423183	2
2169.449183	2169.486183	2
2169.503183	2169.583183	2
2169.601183	2169.613183	2
2169.631183	2169.687183	1
2169.760183	2169.764183	2
2169.771183	2170.237183	1
2170.249183	2170.251183	2
2170.278183	2170.305183	2
2170.310183	2170.313183	2
2170.318183	2170.327183	2
2170.332183	2170.469183	1
2170.497183	2170.511183	2
2170.517183	2170.762183	1
2170.780183	2170.784183	2
2170.802183	2170.883183	2
2170.915183	2170.918183	2
2170.923183	2170.949183	2
2170.984183	2170.994183	2
2171.016183	2171.024183	2
2171.030183	2171.033183	2
2171.052183	2171.204183	1
2171.207183	2171.238183	2
2171.282183	2171.337183	2
2171.339183	2171.375183	2
2171.381183	2171.387183	2
2171.398183	2171.408183	2
2171.522183	2171.746183	1
2171.749183	2171.754183	1
2171.762183	2171.769183	1
2171.798183	2171.800183	2
2171.803183	2171.810183	2
2171.814183	2171.972183	1
2171.998183	2172.014183	2
2172.021183	2172.032183	2
2172.038183	2172.132183	1
2172.193183	2172.197183	2
2172.266183	2172.643183	1
2172.750183	2172.756183	2
2172.813183	2172.816183	2
2172.829183	2172.951183	1
2172.962183	2172.968183	2
2172.973183	2172.980183	2
2173.058183	2173.062183	2
2173.082183	2173.383183	1
2173.391183	2173.399183	2
2173.405183	2173.443183	2
2173.540183	2173.566183	1
2173.569183	2173.839183	1
2173.860183	2173.934183	1
2173.955183	2173.967183	2
2173.971183	2173.981183	2
2173.984183	2173.987183	2
2174.000183	2174.199183	1
2174.207183	2174.224183	2
2174.230183	2174.243183	2
2174.561183	2174.569183	2
2174.574183	2174.594183	1
2174.608183	2174.619183	2
2174.662183	2174.678183	2
2174.734183	2174.771183	1
2174.773183	2174.951183	1
2174.955183	2174.980183	2
2175.029183	2175.036183	2
2175.047183	2175.402183	1
2175.406183	2175.411183	2
2175.420183	2175.447183	2
2175.450183	2175.461183	2
2175.463183	2175.514183	2
2175.530183	2175.556183	2
2175.641183	2175.645183	2
2175.656183	2175.703183	1
2175.712183	2175.727183	2
2175.781183	2175.792183	2
2175.797183	2176.053183	1
2176.108183	2176.124183	2
2176.158183	2176.166183	2
2176.172183	2176.192183	2
2176.249183	2176.258183	2
2176.274183	2176.285183	2
2176.287183	2176.319183	2
2176.371183	2176.379183	2
2176.429183	2176.526183	1
2176.594183	2176.602183	2
2176.606183	2176.858183	1
2176.881183	2176.893183	2
2176.904183	2176.930183	2
2176.934183	2177.038183	2
2177.042183	2177.082183	2
2177.095183	2177.113183	2
2177.115183	2177.123183	2
2177.138183	2177.144183	2
2177.146183	2177.363183	1
2177.374183	2177.508183	1
2177.517183	2177.519183	2
2177.538183	2177.579183	2
2177.584183	2177.593183	2
2177.596183	2177.625183	2
2177.634183	2177.678183	2
2177.685183	2177.690183	2
2177.706183	2177.861183	1
2177.881183	2177.887183	2
2177.906183	2177.973183	2
2177.976183	2178.058183	2
2178.061183	2178.081183	2
2178.129183	2178.132183	2
2178.141183	2178.222183	1
2178.238183	2178.449183	1
2178.452183	2178.466183	2
2178.476183	2178.479183	2
2178.489183	2178.784183	1
2178.812183	2178.852183	2
2178.857183	2178.869183	2
2178.871183	2178.897183	2
2178.899183	2178.927183	2
2178.934183	2178.960183	2
2178.963183	2178.972183	2
2179.004183	2179.016183	2
2179.026183	2179.036183	2
2179.042183	2179.049183	2
2179.052183	2179.090183	1
2179.097183	2179.124183	1
2179.139183	2179.144183	2
2179.200183	2179.211183	2
2179.213183	2179.587183	1
2179.591183	2179.594183	2
2179.610183	2179.615183	2
2180.306183	2180.311183	2
2180.334183	2180.340183	2
2180.342183	2180.401183	1
2180.408183	2180.426183	2
2180.564183	2180.652183	1
2180.670183	2180.745183	1
2180.756183	2180.925183	1
2181.010183	2181.040183	1
2181.459183	2181.464183	2
2181.471183	2181.637183	1
2181.644183	2181.647183	2
2181.649183	2181.679183	1
2181.689183	2181.694183	2
2181.780183	2181.786183	2
2181.788183	2181.803183	2
2181.805183	2181.819183	2
2181.821183	2181.828183	2
2181.846183	2182.109183	1
2182.119183	2182.239183	1
2182.255183	2182.259183	2
2182.326183	2182.330183	2
2182.340183	2182.534183	1
2182.537183	2182.569183	1
2182.926183	2182.957183	1
2183.009183	2183.017183	2
2183.053183	2183.057183	2
2183.066183	2183.095183	1
2183.167183	2183.195183	2
2183.203183	2183.215183	2
2183.222183	2183.238183	2
2183.248183	2183.400183	1
2183.430183	2183.608183	1
2183.627183	2183.631183	2
2183.653183	2183.687183	2
2183.693183	2183.739183	2
2183.783183	2183.792183	2
2183.819183	2183.827183	2
2183.829183	2183.887183	1
2183.949183	2183.953183	2
2183.970183	2184.073183	1
2184.088183	2184.181183	1
2184.187183	2184.197183	1
2184.199183	2184.205183	2
2184.207183	2184.237183	1
2184.244183	2184.311183	1
2184.325183	2184.338183	1
2184.344183	2184.448183	1
2184.462183	2184.468183	2
2184.478183	2184.506183	1
2184.510183	2184.586183	1
2184.724183	2184.728183	2
2184.828183	2184.973183	1
2185.001183	2185.006183	2
2185.089183	2185.104183	2
2185.109183	2185.112183	2
2185.116183	2185.204183	2
2185.209183	2185.372183	1
2185.375183	2185.404183	1
2185.435183	2185.511183	2
2185.513183	2185.609183	2
2185.619183	2185.647183	2
2185.650183	2185.663183	2
2185.672183	2185.712183	2
2185.714183	2185.732183	2
2185.746183	2185.765183	2
2185.771183	2185.785183	2
2185.808183	2185.813183	2
2185.826183	2185.927183	1
2185.985183	2186.002183	2
2186.014183	2186.145183	1
2186.174183	2186.394183	1
2186.396183	2186.479183	1
2186.521183	2186.527183	2
2186.551183	2186.788183	1
2186.904183	2186.956183	2
2186.969183	2186.972183	2
2186.979183	2187.004183	2
2187.098183	2187.120183	1
2187.133183	2187.138183	1
2187.140183	2187.145183	1
2187.294183	2187.298183	2
2187.300183	2187.507183	1
2187.546183	2187.549183	2
2187.825183	2187.829183	2
2187.840183	2187.875183	1
2187.889183	2187.914183	1
2188.002183	2188.063183	1
2188.067183	2188.691183	1
2188.749183	2188.764183	2
2188.845183	2189.012183	1
2189.020183	2189.026183	2
2189.049183	2189.078183	2
2189.084183	2189.096183	2
2189.099183	2189.188183	2
2189.194183	2189.205183	2
2189.234183	2189.307183	1
2189.312183	2189.321183	2
2189.323183	2189.420183	1
2189.433183	2189.720183	1
2189.730183	2189.863183	1
2189.912183	2189.919183	2
2189.942183	2189.946183	2
2189.948183	2189.953183	2
2189.958183	2189.964183	2
2189.979183	2189.992183	2
2190.013183	2190.024183	2
2190.057183	2190.071183	2
2190.121183	2190.266183	1
2190.275183	2190.623183	1
2190.627183	2190.751183	1
2190.891183	2190.913183	2
2190.915183	2191.022183	1
2191.052183	2191.057183	2
2191.078183	2191.111183	2
2191.117183	2191.123183	2
2191.131183	2191.167183	2
2191.169183	2191.180183	2
2191.190183	2191.218183	2
2191.249183	2191.251183	2
2191.275183	2191.289183	2
2191.292183	2191.415183	1
2191.418183	2191.652183	1
2191.666183	2191.669183	2
2191.681183	2191.698183	2
2191.711183	2191.762183	1
2191.765183	2191.768183	2
2191.818183	2192.065183	1
2192.101183	2192.110183	2
2192.119183	2192.223183	1
2192.230183	2192.255183	2
2192.302183	2192.306183	2
2192.313183	2192.451183	1
2192.453183	2192.458183	2
2192.470183	2192.473183	2
2192.485183	2192.488183	2
2192.498183	2192.692183	1
2192.694183	2192.751183	1
2192.768183	2192.773183	2
2192.809183	2192.816183	2
2192.835183	2192.847183	2
2192.851183	2192.896183	2
2192.905183	2192.937183	2
2192.940183	2192.954183	2
2192.964183	2192.974183	2
2192.978183	2192.999183	2
2193.080183	2193.148183	1
2193.213183	2193.442183	1
2193.587183	2193.590183	2
2193.707183	2193.712183	2
2193.728183	2193.823183	1
2193.864183	2193.868183	2
2193.875183	2194.000183	1
2194.006183	2194.011183	2
2194.042183	2194.084183	2
2194.087183	2194.414183	1
2194.721183	2194.734183	2
2194.738183	2194.745183	2
2194.817183	2194.902183	1
2194.908183	2195.055183	1
2195.058183	2195.063183	2
2195.165183	2195.171183	2
2195.180183	2195.189183	2
2195.200183	2195.334183	1
2195.351183	2195.356183	2
2195.362183	2195.367183	2
2195.370183	2195.400183	2
2195.439183	2195.451183	2
2195.453183	2195.553183	1
2195.561183	2195.630183	2
2195.640183	2195.740183	2
2195.742183	2195.756183	2
2195.761183	2195.768183	2
2195.777183	2195.820183	1
2195.824183	2195.897183	1
2195.903183	2195.922183	1
2195.946183	2196.171183	1
2196.174183	2196.218183	1
2196.229183	2196.240183	2
2196.273183	2196.281183	2
2196.325183	2196.348183	2
2196.354183	2196.358183	2
2196.365183	2196.375183	2
2196.377183	2196.451183	2
2196.454183	2196.572183	1
2196.574183	2196.577183	2
2196.590183	2196.743183	1
2196.757183	2196.760183	2
2196.762183	2196.850183	1
2197.444183	2197.455183	2
2197.460183	2197.517183	1
2197.682183	2197.703183	2
2197.720183	2197.726183	2
2197.730183	2197.734183	2
2197.738183	2197.780183	2
2197.783183	2197.791183	2
2197.796183	2197.995183	1
2198.000183	2198.024183	1
2198.076183	2198.093183	2
2198.104183	2198.108183	2
2198.118183	2198.207183	1
2198.214183	2198.234183	2
2198.237183	2198.296183	2
2198.298183	2198.317183	2
2198.326183	2198.343183	2
2198.348183	2198.619183	1
2198.666183	2198.681183	2
2198.721183	2198.728183	2
2198.760183	2198.767183	2
2198.771183	2198.941183	1
2198.943183	2198.968183	1
2198.970183	2198.998183	1
2199.013183	2199.016183	2
2199.036183	2199.095183	2
2199.097183	2199.123183	2
2199.127183	2199.130183	2
2199.142183	2199.148183	2
2199.153183	2199.365183	1
2199.367183	2199.397183	1
2199.578183	2199.584183	2
2199.625183	2199.632183	2
2199.643183	2199.910183	1
2199.948183	2199.958183	2
2199.963183	2199.982183	2
2199.991183	2200.000183	2
2200.010183	2200.015183	2
2200.018183	2200.043183	2
2200.049183	2200.064183	2
2200.075183	2200.114183	2
2200.118183	2200.348183	1
2200.376183	2200.415183	2
2200.428183	2200.431183	2
2200.442183	2200.722183	1
2200.743183	2200.747183	2
2200.769183	2200.783183	2
2200.791183	2200.794183	2
2200.797183	2200.829183	2
2200.838183	2200.857183	2
2200.866183	2201.136183	1
2201.146183	2201.151183	2
2201.158183	2201.162183	2
2201.172183	2201.189183	2
2201.201183	2201.207183	2
2201.211183	2201.221183	2
2201.225183	2201.401183	1
2201.443183	2201.471183	2
2201.491183	2201.541183	2
2201.547183	2201.591183	2
2201.602183	2201.780183	1
2201.795183	2201.802183	2
2201.816183	2201.821183	2
2201.825183	2201.837183	2
2201.842183	2201.982183	1
2202.006183	2202.010183	2
2202.015183	2202.095183	2
2202.099183	2202.104183	2
2202.109183	2202.126183	2
2202.143183	2202.168183	2
2202.175183	2202.403183	1
2202.405183	2202.409183	2
2202.439183	2202.484183	2
2202.493183	2202.499183	2
2202.507183	2202.724183	1
2202.727183	2202.748183	1
2202.753183	2202.759183	2
2202.836183	2202.839183	2
2202.871183	2202.879183	2
2202.883183	2202.886183	2
2202.900183	2202.906183	2
2202.989183	2203.161183	1
2203.456183	2203.459183	2
2203.469183	2203.633183	1
2203.636183	2203.672183	1
2203.730183	2203.735183	2
2203.741183	2203.972183	1
2203.979183	2204.034183	1
2204.359183	2204.362183	2
2204.365183	2204.598183	1
2204.731183	2204.737183	2
2204.758183	2205.092183	1
2205.134183	2205.138183	2
2205.149183	2205.153183	2
2205.190183	2205.371183	1
2205.392183	2205.401183	2
2205.413183	2205.437183	2
2205.465183	2205.721183	1
2205.725183	2205.751183	1
2205.754183	2205.894183	1
2205.905183	2205.908183	2
2205.913183	2206.183183	1
2206.213183	2206.254183	2
2206.258183	2206.366183	2
2206.372183	2206.653183	1
2206.666183	2206.709183	2
2206.722183	2206.734183	2
2206.736183	2206.755183	2
2206.772183	2206.779183	2
2206.785183	2207.048183	1
2207.091183	2207.102183	2
2207.176183	2207.188183	2
2207.382183	2207.440183	1
2207.442183	2207.526183	1
2207.556183	2207.602183	1
2207.609183	2207.617183	2
2207.625183	2207.639183	2
2207.663183	2207.691183	1
2207.720183	2207.724183	2
2207.736183	2207.760183	2
2207.773183	2208.031183	1
2208.039183	2208.053183	2
2208.056183	2208.125183	2
2208.127183	2208.133183	2
2208.137183	2208.386183	1
2208.404183	2208.416183	2
2208.429183	2208.465183	2
2208.494183	2208.527183	2
2208.540183	2208.761183	1
2208.772183	2208.896183	1
2208.899183	2208.917183	2
2208.924183	2208.927183	2
2208.932183	2208.955183	2
2208.958183	2209.244183	1
2209.281183	2209.284183	2
2209.288183	2209.294183	2
2209.455183	2209.461183	2
2209.464183	2209.470183	2
2209.482183	2209.693183	1
2209.700183	2209.709183	2
2209.720183	2209.723183	2
2209.761183	2210.053183	1
2210.055183	2210.065183	2
2210.071183	2210.088183	2
2210.116183	2210.131183	2
2210.134183	2210.147183	2
2210.153183	2210.199183	2
2210.202183	2210.543183	1
2210.563183	2210.682183	2
2210.701183	2210.706183	2
2210.717183	2210.972183	1
2210.985183	2210.993183	2
2211.001183	2211.038183	2
2211.052183	2211.070183	2
2211.079183	2211.082183	2
2211.085183	2211.089183	2
2211.094183	2211.156183	2
2211.158183	2211.164183	2
2211.183183	2211.188183	2
2211.199183	2211.463183	1
2211.479183	2211.483183	2
2211.505183	2211.508183	2
2211.515183	2211.518183	2
2211.530183	2211.540183	2
2211.573183	2211.595183	2
2211.608183	2211.611183	2
2211.618183	2211.623183	2
2211.637183	2211.646183	2
2211.709183	2211.722183	2
2211.803183	2211.806183	2
2211.818183	2211.914183	1
2211.986183	2212.108183	1
2212.118183	2212.128183	2
2212.146183	2212.164183	2
2212.170183	2212.195183	1
2212.212183	2212.272183	1
2212.275183	2212.350183	1
2212.355183	2212.522183	1
2212.526183	2212.565183	1
2212.578183	2212.620183	2
2212.624183	2212.673183	2
2212.676183	2212.684183	2
2212.689183	2212.730183	2
2212.733183	2212.749183	2
2212.751183	2212.803183	2
2212.806183	2212.825183	2
2212.833183	2212.836183	2
2212.839183	2212.987183	1
2213.026183	2213.075183	1
2213.079183	2213.232183	1
2213.265183	2213.333183	2
2213.337183	2213.376183	2
2213.380183	2213.390183	2
2213.393183	2213.558183	1
2213.565183	2213.590183	1
2213.594183	2213.650183	1
2213.660183	2213.670183	2
2213.675183	2213.694183	2
2213.750183	2213.948183	1
2213.957183	2213.962183	2
2214.075183	2214.102183	2
2214.114183	2214.119183	2
2214.135183	2214.141183	2
2214.153183	2214.163183	2
2214.165183	2214.172183	2
2214.233183	2214.236183	2
2214.286183	2214.374183	1
2214.392183	2214.424183	1
2214.505183	2214.789183	1
2214.810183	2214.820183	2
2214.841183	2214.852183	2
2215.215183	2215.220183	2
2215.232183	2215.381183	1
2215.445183	2215.462183	2
2215.466183	2215.470183	2
2215.473183	2215.477183	2
2215.483183	2215.527183	2
2215.533183	2215.545183	2
2215.554183	2215.588183	2
2215.598183	2215.604183	2
2215.606183	2215.616183	2
2215.623183	2215.638183	2
2215.643183	2215.646183	2
2215.652183	2215.660183	2
2215.665183	2215.672183	2
2215.677183	2215.739183	1
2215.742183	2215.747183	2
2215.750183	2215.773183	1
2215.776183	2215.931183	1
2215.937183	2216.009183	1
2216.023183	2216.035183	2
2216.043183	2216.065183	1
2216.070183	2216.073183	2
2216.079183	2216.159183	1
2216.172183	2216.196183	1
2216.202183	2216.272183	1
2216.274183	2216.294183	1
2216.307183	2216.327183	1
2216.343183	2216.401183	1
2216.415183	2216.434183	1
2216.440183	2216.465183	1
2216.471183	2216.477183	2
2216.480183	2216.547183	1
2216.552183	2216.561183	2
2216.629183	2216.632183	2
2216.663183	2216.666183	2
2216.706183	2216.710183	2
2216.720183	2216.942183	1
2216.944183	2216.970183	1
2216.980183	2216.993183	2
2216.996183	2216.999183	2
2217.005183	2217.017183	2
2217.024183	2217.044183	2
2217.058183	2217.071183	2
2217.073183	2217.081183	2
2217.086183	2217.106183	2
2217.114183	2217.148183	2
2217.173183	2217.183183	2
2217.185183	2217.200183	2
2217.220183	2217.230183	2
2217.253183	2217.648183	1
2217.666183	2217.740183	2
2217.743183	2217.774183	2
2217.780183	2217.930183	1
2217.942183	2217.949183	2
2217.958183	2217.964183	2
2217.979183	2218.000183	2
2218.004183	2218.068183	2
2218.079183	2218.116183	2
2218.122183	2218.126183	2
2218.129183	2218.183183	2
2218.190183	2218.210183	2
2218.228183	2218.241183	2
2218.274183	2218.317183	1
2218.351183	2218.354183	2
2218.406183	2218.624183	1
2218.634183	2218.642183	2
2218.648183	2218.756183	1
2218.762183	2218.799183	2
2218.806183	2218.857183	1
2218.864183	2219.113183	1
2219.116183	2219.121183	2
2219.129183	2219.173183	1
2219.176183	2219.222183	2
2219.232183	2219.273183	1
2219.275183	2219.318183	2
2219.329183	2219.595183	1
2219.613183	2219.617183	2
2219.657183	2219.666183	2
2219.668183	2219.889183	1
2219.895183	2219.905183	2
2219.909183	2219.933183	2
2219.939183	2219.964183	2
2219.969183	2219.992183	2
2219.997183	2220.005183	2
2220.023183	2220.053183	2
2220.059183	2220.126183	2
2220.129183	2220.135183	2
2220.147183	2220.422183	1
2220.429183	2220.432183	2
2220.440183	2220.509183	1
2220.512183	2220.566183	1
2220.592183	2220.615183	2
2220.629183	2220.708183	1
2220.715183	2220.763183	1
2220.783183	2220.791183	2
2220.793183	2220.835183	1
2220.882183	2220.914183	1
2220.919183	2220.945183	2
2220.965183	2221.086183	1
2221.126183	2221.136183	1
2221.146183	2221.157183	1
2221.166183	2221.170183	2
2221.173183	2221.202183	2
2221.208183	2221.216183	2
2221.226183	2221.229183	2
2221.247183	2221.258183	1
2221.267183	2221.318183	2
2221.321183	2221.372183	2
2221.392183	2221.576183	1
2221.579183	2221.803183	1
2221.806183	2221.828183	2
2221.867183	2221.877183	2
2221.882183	2222.003183	1
2222.005183	2222.009183	2
2222.019183	2222.027183	2
2222.056183	2222.063183	2
2222.068183	2222.220183	1
2222.237183	2222.240183	2
2222.243183	2222.267183	2
2222.272183	2222.279183	2
2222.287183	2222.429183	1
2222.442183	2222.457183	2
2222.460183	2222.488183	2
2222.493183	2222.707183	1
2222.713183	2222.743183	1
2222.746183	2222.771183	2
2222.798183	2223.080183	1
2223.083183	2223.144183	2
2223.146183	2223.192183	2
2223.194183	2223.202183	2
2223.207183	2223.222183	2
2223.224183	2223.229183	2
2223.232183	2223.298183	1
2223.309183	2223.328183	2
2223.334183	2223.373183	2
2223.385183	2223.392183	2
2223.400183	2223.480183	2
2223.491183	2223.514183	2
2223.516183	2223.535183	2
2223.538183	2223.649183	1
2223.651183	2223.660183	1
2223.669183	2223.698183	2
2223.719183	2223.826183	1
2223.845183	2223.849183	2
2223.851183	2223.857183	2
2223.859183	2223.862183	2
2223.864183	2223.875183	2
2223.877183	2223.883183	2
2223.888183	2223.897183	2
2223.900183	2223.917183	2
2223.920183	2223.925183	2
2223.933183	2223.947183	2
2223.951183	2223.979183	2
2223.981183	2224.011183	2
2224.021183	2224.026183	2
2224.031183	2224.066183	2
2224.070183	2224.082183	2
2224.091183	2224.134183	1
2224.146183	2224.272183	1
2224.282183	2224.328183	2
2224.331183	2224.430183	2
2224.442183	2224.447183	2
2224.453183	2224.507183	1
2224.520183	2224.555183	1
2224.558183	2224.563183	2
2224.573183	2224.578183	2
2224.610183	2224.625183	2
2224.637183	2224.666183	2
2224.675183	2224.705183	2
2225.183183	2225.299183	1
2225.387183	2225.848183	1
2225.853183	2225.958183	1
2226.377183	2226.388183	2
2226.395183	2226.465183	1
2226.467183	2226.470183	2
2226.510183	2226.515183	2
2226.533183	2226.552183	2
2226.564183	2226.567183	2
2226.573183	2226.623183	2
2226.634183	2226.658183	2
2226.663183	2226.669183	2
2226.678183	2226.688183	2
2226.701183	2226.709183	2
2226.712183	2226.716183	2
2226.727183	2226.732183	2
2226.734183	2226.739183	2
2226.754183	2226.862183	1
2226.888183	2226.901183	2
2226.904183	2226.907183	2
2226.915183	2226.919183	2
2226.930183	2227.057183	1
2227.069183	2227.073183	2
2227.088183	2227.326183	1
2227.330183	2227.370183	2
2227.377183	2227.407183	2
2227.417183	2227.454183	2
2227.459183	2227.516183	2
2227.523183	2227.569183	2
2227.571183	2227.624183	2
2227.647183	2227.651183	2
2227.658183	2227.664183	2
2227.686183	2227.744183	1
2227.796183	2227.851183	1
2227.853183	2228.111183	1
2228.127183	2228.179183	1
2228.187183	2228.222183	1
2228.244183	2228.258183	2
2228.282183	2228.292183	2
2228.295183	2228.483183	1
2228.486183	2228.540183	1
2228.544183	2228.550183	2
2228.556183	2228.561183	2
2228.578183	2228.582183	2
2228.586183	2228.590183	2
2228.607183	2228.646183	2
2228.649183	2228.679183	2
2228.714183	2228.733183	2
2228.741183	2228.748183	2
2228.919183	2228.973183	1
2228.976183	2228.992183	2
2229.079183	2229.217183	1
2229.220183	2229.225183	2
2229.234183	2229.238183	2
2229.246183	2229.252183	2
2229.263183	2229.279183	2
2229.629183	2229.641183	1
2229.643183	2229.799183	1
2229.945183	2230.010183	1
2230.012183	2230.354183	1
2230.393183	2230.408183	2
2230.914183	2230.925183	2
2230.929183	2231.143183	1
2231.163183	2231.171183	2
2231.176183	2231.180183	2
2231.201183	2231.228183	2
2231.232183	2231.235183	2
2231.240183	2231.259183	2
2231.262183	2231.270183	2
2231.286183	2231.289183	2
2231.296183	2231.302183	2
2231.312183	2231.343183	2
2231.379183	2231.387183	2
2231.400183	2231.426183	1
2231.451183	2231.456183	2
2231.500183	2231.543183	1
2231.584183	2231.606183	1
2231.652183	2231.700183	1
2231.703183	2231.746183	1
2231.794183	2231.885183	1
2232.113183	2232.123183	2
2232.135183	2232.288183	1
2232.585183	2232.694183	1
2232.698183	2232.722183	1
2232.725183	2232.728183	2
2233.139183	2233.145183	2
2233.247183	2233.253183	2
2233.259183	2233.337183	1
2233.449183	2233.557183	1
2233.622183	2233.741183	1
2233.803183	2233.806183	2
2233.808183	2233.919183	1
2233.988183	2233.991183	2
2233.993183	2234.115183	1
2234.245183	2234.434183	1
2234.481183	2234.491183	2
2234.497183	2234.502183	2
2234.532183	2234.537183	2
2234.648183	2234.657183	2
2234.660183	2234.923183	1
2235.058183	2235.070183	2
2235.072183	2235.081183	2
2235.475183	2235.642183	1
